  name World1
  file ./mapas/world1.bmp
  screen_orig_x 1024
  screen_orig_y 384
  tiles_orig_size_x 8
  tiles_orig_size_y 8
  screen_tiles_x 1024
  screen_tiles_y 416
  tiles_new_size_x  32
  tiles_new_size_y  32
  num_scroll_planes 1
  scroll1 ./mapas/fase1_camelot.bmp
  scroll1_size_x  1024
  scroll1_size_y   384
  map
   1,    2,    3,    4,    5,    6,    7,    8,    9,   10,   11,   12,   13,   14,    7,    8,    3,    4,    5,    6,    7,    8,    9,   10,   11,   12,   13,   14,    3,    4,    5,    6,   15,   16,   17,   18,   19,   20,   21,   22,   23,   24,   25,   26,   27,   20,   21,   22,   23,   24,   28,   20,   21,   22,   23,   24,   25,   26,   15,   16,   17,   18,   19,   20,   15,   16,   17,   18,   19,   20,   21,   22,   23,   24,   25,   26,   27,   20,   21,   22,   23,   24,   28,   20,   21,   22,   23,   24,   25,   26,   15,   16,   17,   18,   19,   20,    1,    2,    3,    4,    5,    6,   29,   29,   29,   29,   29,   29,   29,   29,   29,   29,   29,   29,   29,   29,   29,   29,   29,   29,   29,   29,   29,   29,   29,   29,   29,   30, 
   7,    8,   31,   29,   32,   33,   34,   29,   29,   35,   29,   36,   29,   29,   34,   29,   31,    7,    8,   29,   34,   29,   29,   35,   29,   36,   29,   29,   31,   29,   32,   29,   37,   38,   39,   29,   40,   29,   29,   41,   42,   43,   44,   29,   40,   29,   29,   41,   42,   43,   45,   29,   29,   41,   42,   43,   44,   29,   37,   38,   39,   29,   40,   29,   37,   38,   39,   29,   40,   29,   29,   41,   42,   43,   44,   29,   40,   29,   29,   41,   42,   43,   45,   29,   29,   41,   42,   43,   44,   29,   37,   38,   39,   29,   40,   29,   29,   29,   31,   29,   32,   29,   29,   29,   29,   29,   29,   29,   29,   29,   29,   29,   29,   29,   29,   29,   29,   29,   29,   29,   29,   29,   29,   29,   29,   29,   29,   46, 
  34,   47,   29,   29,   29,   29,   29,   29,   29,   29,   29,   29,   29,   29,   48,   29,   49,   34,   29,   29,   29,   29,   29,   49,   29,   29,   29,   29,   29,   29,   29,   29,   29,   29,   29,   29,   29,   29,   29,   29,   29,   29,   29,   29,   29,   29,   29,   29,   29,   29,   29,   29,   29,   29,   29,   29,   29,   29,   29,   29,   29,   29,   29,   29,   29,   29,   29,   29,   29,   29,   29,   29,   29,   29,   29,   29,   29,   29,   29,   29,   29,   29,   29,   29,   29,   29,   29,   29,   29,   29,   29,   29,   29,   29,   29,   29,   29,   29,   29,   29,   29,   29,   29,   29,   29,   29,   29,   29,   29,   29,   29,   29,   29,   29,   29,   29,   29,   29,   29,   29,   29,   29,   29,   29,   29,   29,   29,   50, 
  49,   29,   29,   29,   29,   29,   29,   29,   29,   29,   29,   29,   29,   29,   29,   29,   29,    7,   51,   29,   29,   29,   29,   29,   29,   29,   29,   29,   29,   29,   29,   29,   29,   29,   29,   29,   29,   29,   29,   29,   29,   29,   29,   29,   29,   29,   29,   29,   29,   29,   29,   29,   29,   29,   29,   29,   29,   29,   29,   29,   29,   29,   29,   29,   29,   29,   29,   29,   29,   29,   29,   29,   29,   29,   29,   29,   29,   29,   29,   29,   29,   29,   29,   29,   29,   29,   29,   29,   29,   29,   29,   29,   29,   29,   29,   29,   29,   29,   29,   29,   29,   29,   29,   29,   29,   29,   29,   29,   29,   29,   29,   29,   29,   29,   29,   29,   29,   29,   29,   29,   29,   29,   29,   29,   29,   29,   29,   52, 
  29,   29,   29,   29,   29,   29,   29,   29,   29,   29,   29,   29,   29,   29,   29,   29,   29,   34,   29,   29,   29,   29,   29,   29,   29,   29,   29,   29,   29,   29,   29,   29,   29,   29,   29,   29,   29,   29,   29,   29,   29,   29,   29,   29,   29,   29,   29,   29,   29,   29,   29,   29,   29,   29,   29,   29,   29,   29,   29,   29,   29,   29,   29,   29,   29,   29,   29,   29,   29,   29,   29,   29,   29,   29,   29,   29,   29,   29,   29,   29,   29,   29,   29,   29,   29,   29,   29,   29,   29,   29,   29,   29,   29,   29,   29,   29,   29,   29,   29,   29,   29,   29,   29,   29,   29,   29,   29,   29,   29,   29,   29,   29,   29,   29,   29,   29,   29,   29,   29,   29,   29,   29,   29,   29,   29,   29,   29,   53, 
  29,   29,   29,   29,   29,   29,   29,   29,   29,   29,   29,   29,   29,   29,   29,   29,   29,   49,   29,   29,   29,   29,   29,   29,   29,   29,   29,   29,   29,   29,   29,   29,   29,   29,   29,   29,   29,   29,   29,   29,   29,   29,   29,   29,   29,   29,   29,   29,   29,   29,   29,   29,   29,   29,   29,   29,   29,   29,   29,   29,   29,   29,   29,   29,   29,   29,   29,   29,   29,   29,   29,   29,   29,   29,   29,   29,   29,   29,   29,   29,   29,   29,   29,   29,   29,   29,   29,   29,   29,   29,   29,   29,   29,   29,   29,   29,   29,   29,   29,   29,   29,   29,   29,   29,   29,   29,   29,   29,   29,   29,   29,   29,   29,   29,   29,   29,   29,   29,   29,   29,   29,   29,   29,   29,   29,   29,   29,   54, 
  29,   29,   29,   29,   29,   29,   29,   29,   29,   29,   29,   29,   29,   29,   29,   29,   29,   29,   29,   29,   29,   29,   29,   29,   29,   29,   29,   29,   29,   29,   29,   29,   29,   29,   29,   29,   29,   29,   29,   29,   29,   29,   29,   29,   29,   29,   29,   29,   29,   29,   29,   29,   29,   29,   29,   29,   29,   29,   29,   29,   29,   29,   29,   29,   29,   29,   29,   29,   29,   29,   29,   29,   29,   29,   29,   29,   29,   29,   29,   29,   29,   29,   29,   29,   29,   29,   29,   29,   29,   29,   29,   29,   29,   29,   29,   29,   29,   29,   29,   29,   29,   29,   29,   29,   29,   29,   29,   29,   29,   29,   29,   29,   29,   29,   29,   29,   29,   29,   29,   29,   29,   29,   29,   29,   29,   29,   29,   55, 
  29,   29,   29,   29,   29,   29,   29,   29,   29,   29,   29,   29,   29,   29,   29,   29,   29,   29,   29,   29,   29,   29,   29,   29,   29,   29,   29,   29,   29,   29,   29,   29,   29,   29,   29,   29,   29,   29,   29,   29,   29,   29,   29,   29,   29,   29,   29,   29,   29,   29,   29,   29,   29,   29,   29,   29,   29,   29,   29,   29,   29,   29,   29,   29,   29,   29,   29,   29,   29,   29,   29,   29,   29,   29,   29,   29,   29,   29,   29,   29,   29,   29,   29,   29,   29,   29,   29,   29,   29,   29,   29,   29,   29,   29,   29,   29,   29,   29,   29,   29,   29,   29,   29,   29,   29,   29,   29,   29,   29,   29,   29,   29,   29,   29,   29,   29,   29,   29,   29,   29,   29,   29,   29,   29,   29,   29,   29,   56, 
  29,   29,   29,   29,   29,   29,   29,   29,   29,   29,   29,   29,   29,   29,   29,   29,   29,   29,   29,   29,   29,   29,   29,   29,   29,   29,   29,   29,   29,   29,   29,   29,   29,   29,   29,   29,   29,   29,   29,   29,   29,   29,   29,   29,   29,   29,   29,   29,   29,   29,   29,   29,   29,   29,   29,   29,   29,   29,   29,   29,   29,   29,   29,   29,   29,   29,   29,   29,   29,   29,   29,   29,   29,   29,   29,   29,   29,   29,   29,   29,   29,   29,   29,   29,   29,   29,   29,   29,   29,   29,   29,   29,   29,   29,   29,   29,   29,   29,   29,   29,   29,   29,   29,   29,   29,   29,   29,   29,   29,   29,   29,   29,   29,   29,   29,   29,   29,   57,   51,   29,   29,   29,   29,   29,   29,   29,   29,   30, 
  29,   29,   29,   29,   29,   29,   29,   29,   29,   29,   29,   29,   29,   29,   29,   29,   29,   29,   29,   29,   29,   29,   29,   29,   29,   29,   29,   29,   29,   29,   29,   29,   29,   29,   29,   29,   29,   29,   29,   29,   29,   29,   29,   29,   29,   29,   29,   29,   29,   29,   29,   29,   29,   29,   29,   29,   29,   29,   29,   29,   29,   29,   29,   29,   29,   29,   29,   29,   29,   29,   29,   29,   29,   29,   29,   29,   29,   29,   29,   29,   29,   29,   29,   29,   29,   29,   29,   29,   29,   29,   29,   29,   29,   29,   29,   29,   29,   29,   29,   29,   29,   29,   29,   29,   29,   29,   29,   29,   29,   29,   29,   29,   29,   29,   29,   29,   29,   58,   59,   29,   29,   29,   29,   29,   29,   29,   29,   46, 
  29,   29,   29,   29,   29,   29,   29,   29,   29,   29,   29,   29,   29,   29,   29,   29,   29,   29,   29,   29,   29,   29,   29,   29,   29,   29,   29,   29,   29,   29,   29,   29,   29,   29,   29,   29,   29,   29,   29,   29,   29,   29,   29,   29,   29,   29,   29,   29,   29,   29,   29,   29,   29,   29,   29,   29,   29,   29,   29,   29,   29,   29,   29,   29,   29,   29,   29,   29,   29,   29,   29,   29,   29,   29,   29,   29,   29,   29,   29,   29,   29,   29,   29,   29,   29,   29,   29,   29,   29,   29,   29,   29,   29,   29,   29,   29,   29,   29,   29,   60,   29,   29,   29,   60,   29,   29,   29,   29,   29,   29,   29,   29,   29,   29,   61,   29,   29,   62,   63,   29,   29,   29,   29,   29,   29,   29,   29,   50, 
  29,   29,   29,   29,   29,   29,   29,   29,   29,   29,   29,   29,   29,   29,   29,   29,   29,   29,   29,   29,   29,   29,   29,   29,   29,   29,   29,   29,   29,   29,   29,   29,   29,   29,   29,   29,   29,   29,   29,   29,   29,   29,   29,   29,   29,   29,   29,   29,   29,   29,   29,   29,   29,   29,   29,   29,   29,   29,   29,   29,   29,   29,   29,   29,   29,   29,   29,   29,   29,   29,   29,   29,   29,   29,   29,   29,   29,   29,   29,   29,   29,   29,   29,   29,   29,   29,   29,   29,   29,   29,   29,   29,   29,   29,   29,   29,   64,   65,   66,   67,   64,   65,   66,   67,   64,   65,   66,   67,   68,   65,   66,   69,   70,   65,   66,   67,   71,   72,   71,   72,   29,   29,   29,   29,   29,   29,   29,   52, 
  29,   29,   29,   29,   29,   29,   29,   29,   29,   29,   29,   29,   29,   29,   29,   29,   29,   29,   29,   29,   29,   29,   29,   29,   73,   74,   75,   76,   77,   74,   75,   76,   78,   79,   80,   81,   78,   79,   80,   81,   78,   79,   80,   81,   78,   79,   80,   82,   83,   84,   85,   86,   80,   81,   78,   79,   80,   81,   78,   79,   80,   81,   78,   79,   78,   79,   80,   81,   78,   79,   80,   81,   78,   79,   80,   81,   78,   79,   80,   82,   83,   84,   85,   86,   80,   81,   78,   79,   80,   81,   78,   79,   80,   81,   78,   79,   77,   74,   75,   76,   77,   74,   75,   76,   77,   74,   75,   76,   77,   74,   75,   76,   77,   74,   75,   76,   77,   74,   75,   87,   29,   29,   29,   29,   29,   29,   29,   53, 
  29,   29,   29,   29,   29,   29,   29,   29,   29,   29,   29,   29,   29,   29,   29,   29,   29,   29,   29,   29,   29,   29,   29,   29,   49,   88,   89,   90,   91,   92,    1,    2,   29,   29,   29,   29,   29,   29,   29,   29,   29,   29,   29,   29,   29,   29,   29,   29,   29,   29,   29,   29,   29,   29,   29,   29,   29,   29,   29,   29,   29,   29,   29,   29,   29,   29,   29,   29,   29,   29,   29,   29,   29,   29,   29,   29,   29,   29,   29,   29,   29,   29,   29,   29,   29,   29,   29,   29,   29,   29,   29,   29,   29,   29,   29,   29,   13,   14,   93,   94,   95,   96,   97,   98,   99,   88,  100,  101,  102,  103,  104,  105,  106,  107,  108,   96,   97,   98,   99,   29,   29,   29,   29,   29,   29,   29,   29,   54, 
  29,   29,  109,  110,   29,  111,   29,   29,   29,   29,   29,   29,   29,   29,   29,   29,   29,   29,   29,   29,   29,   29,   29,   29,    1,    2,  112,  113,  114,  115,  116,   29,   29,   29,   29,   29,   29,   29,   29,   29,   29,   29,   29,   29,   29,   29,   29,   29,   29,   29,   29,   29,   29,   29,   29,   29,   29,   29,   29,   29,   29,   29,   29,   29,   29,   29,   29,   29,   29,   29,   29,   29,   29,   29,   29,   29,   29,   29,   29,   29,   29,   29,   29,   29,   29,   29,   29,   29,   29,   29,   29,   29,   29,   29,   29,   29,   29,  116,  117,  118,  119,  120,  121,  122,  123,   29,   29,  124,  125,  126,  127,  128,  129,  130,  131,  120,  121,  122,  123,   29,   29,   29,   29,   29,   29,  132,  116,   55, 
  29,  133,  134,  135,  136,  137,  138,  139,   29,   29,   29,   29,   29,   29,   29,   29,   29,   29,   29,   29,   29,   29,   29,   29,   29,   29,  140,  141,  142,  143,   29,   29,   29,   29,   29,   29,   29,   29,   29,   29,   29,   29,   29,   29,   29,   29,   29,   29,   29,   29,   29,   29,   29,   29,   29,   29,   29,   29,   29,   29,   29,   29,   29,   29,   29,   29,   29,   29,   29,   29,   29,   29,   29,   29,   29,   29,   29,   29,   29,   29,   29,   29,   29,   29,   29,   29,   29,   29,   29,   29,   29,   29,   29,   29,   29,   29,   29,   29,  144,  145,   29,   29,   29,  146,  147,   29,   29,  148,  149,   29,   29,  150,  151,  152,   29,   29,   29,  146,  147,   29,   29,   29,   29,   29,   29,  153,  154,   56, 
  29,   29,   29,  155,  156,  157,  158,  159,   29,  160,   29,   29,   29,   29,   29,   29,   29,   29,   29,   29,   29,   29,   29,   29,   29,   29,  161,  162,   87,   29,   29,   29,   29,   29,   29,   29,   29,   29,   29,   29,   29,   29,   29,   29,   29,   29,   29,   29,   29,   29,   29,   29,   29,   29,   29,   29,   29,   29,   29,   29,   29,   29,   29,   29,   29,   29,   29,   29,   29,   29,   29,   29,   29,   29,   29,   29,   29,   29,   29,   29,   29,   29,   29,   29,   29,   29,   29,   29,   29,   29,   29,   29,   29,   29,   29,   29,   29,   29,  163,  164,   29,   29,   29,   29,   29,   29,   29,   29,   29,   29,   29,   29,   29,   29,   29,   29,   29,   29,   29,   29,   29,   29,   29,   29,   29,   71,   72,  165, 
  29,   29,  110,   29,  160,  166,  167,  168,  169,  170,   29,   29,   29,   29,   29,   29,   29,   29,   29,   29,   29,   29,   29,   29,   29,   29,   29,   29,   29,   29,   29,   29,   29,   29,   29,   29,   29,   29,   29,   29,   29,   29,   29,   29,   29,   29,   29,   29,   29,   29,   29,   29,   29,   29,   29,   29,   29,   29,   29,   29,   29,   29,   29,   29,   29,   29,   29,   29,   29,   29,   29,   29,   29,   29,   29,   29,   29,   29,   29,   29,   29,   29,   29,   29,   29,   29,   29,   29,   29,   29,   29,   29,   29,   29,   29,   29,   29,   29,   29,   29,   29,   29,   29,   29,   29,   29,   29,   29,   29,   29,   29,   29,   29,   29,   29,   29,   29,   29,   29,   29,   29,   29,   29,   29,  171,   74,   75,   76, 
 133,  134,  135,  136,  137,  172,  173,  174,  175,  176,   29,   29,   29,   29,   29,   29,   29,   29,   29,   29,   29,   29,   29,   29,   29,   29,   29,   29,   29,   29,   29,   29,   29,   29,   29,   29,   29,   29,   29,   29,   29,   29,   29,   29,   29,   29,   29,   29,   29,   29,   29,   29,   29,   29,   29,   29,   29,   29,   29,   29,   29,   29,   29,   29,   29,   29,   29,   29,   29,   29,   29,   29,   29,   29,   29,   29,   29,   29,   29,   29,   29,   29,   29,   29,   29,   29,   29,   29,   29,   29,   29,   29,   29,   29,   29,   29,   29,   29,   29,   29,   29,   29,   29,   29,   29,   29,   29,   29,   29,   29,   29,   29,   29,   29,   29,   29,   29,   29,   29,   29,   29,   29,   29,   55,  177,  178,  179,  180, 
  29,  109,  155,  156,  157,  181,  182,   29,  183,   29,   29,   29,   29,   29,   29,   29,   29,   29,   29,   29,   29,   29,   29,   29,   29,   29,   29,   29,   29,   29,   29,   29,   29,   29,   29,   29,   29,   29,   29,   29,   29,   29,   29,   29,   29,   29,   29,   29,   29,   29,   29,   29,   29,   29,   29,   29,   29,   29,   29,   29,   29,   29,   29,   29,   29,   29,   29,   29,   29,   29,   29,   29,   29,   29,   29,   29,   29,   29,   29,   29,   29,   29,   29,   29,   29,   29,   29,   29,   29,   29,   29,   29,   29,   29,   29,   29,   29,   29,   29,   29,   29,   29,   29,   29,   29,   29,   29,   29,   29,   29,   29,   29,   29,   29,   29,   29,   29,   29,   29,   29,   29,   29,   29,   56,  178,  178,  177,  184, 
  29,   29,   29,   29,  185,  186,  187,   29,  160,   29,   29,   29,   29,   29,   29,   29,   29,   29,   29,   29,   29,   29,   29,   29,   29,   29,   29,   29,   29,   29,   29,   29,   29,   29,   29,   29,   29,   29,   29,   29,   29,   29,   29,   29,   29,   29,   29,   29,   29,   29,   29,   29,   29,   29,   29,   29,   29,   29,   29,   29,   29,   29,   29,   29,   29,   29,   29,   29,   29,   29,   29,   29,   29,   29,   29,   29,   29,   29,   29,   29,   29,   29,   29,   29,   29,   29,   29,   29,   29,   29,   29,   29,   29,   29,   29,   29,   29,   29,   29,   29,   29,   29,   29,   29,   29,   29,   29,   29,   29,   29,   29,   29,   29,   29,   29,   29,   29,   29,   29,   29,   29,   29,   55,  179,  180,  178,  178,  178, 
  29,   29,   29,   29,  188,  189,  190,  191,   29,   29,   29,   29,   29,   29,   29,   29,   29,   29,   29,   29,   29,   29,   29,   29,   29,   29,   29,   29,   29,   29,   29,   29,   29,   29,   29,   29,   29,   29,   29,   29,   29,   29,   29,   29,   29,   29,   29,   29,   29,   29,   29,   29,   29,   29,   29,   29,   29,   29,   29,   29,   29,   29,   29,   29,   29,   29,   29,   29,   29,   29,   29,   29,   29,   29,   29,   29,   29,   29,   29,   29,   29,   29,   29,   29,   29,   29,   29,   29,   29,   29,   29,   29,   29,   29,   29,   29,   29,   29,   29,   29,   29,   29,   29,   29,   29,   29,   29,   29,   29,   29,   29,   29,   29,   29,   29,   29,   29,   29,   29,   29,  192,  193,   56,  177,  184,  178,  178,  178, 
  64,   65,   66,   67,  194,  195,  196,  197,   64,  198,  199,  200,   64,  198,  199,  201,   64,   65,   66,   67,   29,   29,   29,   29,   29,   29,   29,   29,   29,   29,   29,   29,   29,   29,   29,   29,   29,   29,   29,   29,   29,   29,   29,   29,   29,   29,   29,   29,   29,   29,   29,   29,   29,   29,   29,   29,   29,   29,   29,   29,   29,   29,   29,   29,   29,   29,   29,   29,   29,   29,   29,   29,   29,   29,   29,   29,   29,   29,   29,   29,   29,   29,   29,   29,   29,   29,   29,   29,   29,   29,   29,   29,   29,   29,   29,   29,   29,   29,   29,   29,   29,   29,   29,   29,   29,   29,   29,   29,   29,   29,   29,   29,   29,   29,   29,   29,   29,   29,   29,   29,  202,  203,  177,  178,  178,  178,  178,  178, 
  77,   74,   75,   76,   77,   74,   75,   76,   77,   74,   75,   76,   77,   74,   75,   76,   77,   74,   75,   76,  204,   29,   29,   29,   29,   29,   29,   29,   29,   29,   29,   29,   29,   29,   29,   29,   29,   29,   29,   29,   29,   29,   29,   29,   29,   29,   29,   29,   29,   29,   29,   29,   29,   29,   29,   29,   29,   29,   29,   29,   29,   29,   29,   29,   29,   29,   29,   29,   29,   29,   29,   29,   29,   29,   29,   29,   29,   29,   29,   29,   29,   29,   29,   29,   29,   29,   29,   29,   29,   29,   29,   29,   29,   29,   29,   29,   29,   29,   29,   29,   29,   29,   29,   29,   29,  171,   77,   74,   75,   76,   77,   74,   75,   76,   77,   74,   75,   76,   77,   74,   75,   76,  178,  178,  178,  178,  178,  178, 
 205,  206,  207,  208,  209,  210,  211,  212,  213,  214,  215,  216,  217,  218,  219,  218,  218,  219,  220,  221,  222,   29,   29,   29,   29,   29,   29,   29,   29,   29,   29,   29,   29,   29,   29,   29,   29,   29,   29,   29,   29,   29,   29,   29,   29,   29,   29,   29,   29,   29,   29,   29,   29,   29,   29,   29,   29,   29,   29,   29,   29,   29,   29,   29,   29,   29,   29,   29,   29,   29,   29,   29,   29,   29,   29,   29,   29,   29,   29,   29,   29,   29,   29,   29,   29,   29,   29,   29,   29,   29,   29,   29,   29,   29,   29,   29,   29,   29,   29,   29,   29,   29,   29,   29,   29,  223,  224,  225,  218,  218,  218,  218,  218,  218,  218,  218,  218,  218,  218,  218,  218,  218,  218,  218,  218,  218,  218,  218, 
 226,  227,  228,  229,  230,  231,  232,   29,   29,  233,  234,  235,  236,  214,  215,  216,  217,  237,  238,  239,  240,   29,   29,   29,   29,   29,   29,   29,   29,   29,   29,   29,   29,   29,   29,   29,   29,   29,   29,   29,   29,   29,   29,   29,   29,   29,   29,   29,   29,   29,   29,   29,   29,   29,   29,   29,   29,   29,   29,   29,   29,   29,   29,   29,   29,   29,   29,   29,   29,   29,   29,   29,   29,   29,   29,   29,   29,   29,   29,   29,   29,   29,   29,   29,   29,   29,   29,   29,   29,   29,   29,   29,   29,   29,   29,   29,   29,   29,   29,   29,   29,   29,   29,   29,   29,  241,  242,  243,  219,  244,  245,  218,  218,  218,  218,  218,  218,  218,  218,  218,  218,  218,  218,  218,  218,  218,  218,  218, 
 246,  247,   29,   29,   29,  248,  249,   29,   29,  250,  251,   29,   29,  233,  234,  235,  236,  252,  253,  254,   29,   29,   29,   29,   29,   29,   29,   29,   29,   29,   29,   29,   29,   29,   29,   29,   29,   29,   29,   29,   29,   29,   29,   29,   29,   29,   29,   29,   29,   29,   29,   29,   29,   29,   29,   29,   29,   29,   29,   29,   29,   29,   29,   29,   29,   29,   29,   29,   29,   29,   29,   29,   29,   29,   29,   29,   29,   29,   29,   29,   29,   29,   29,   29,   29,   29,   29,   29,   29,   29,   29,   29,   29,   29,   29,   29,   29,   29,   29,   29,   29,   29,   29,   29,   29,  255,  256,  257,  218,  219,  258,  218,  244,  245,  218,  218,  218,  218,  244,  245,  218,  218,  218,  218,  218,  218,  218,  218, 
 259,  260,   29,   29,   29,   29,   29,   29,   29,   29,   29,   29,   29,  250,  251,   29,   29,   29,   29,   29,   29,   29,   29,   29,   29,   29,   29,   29,   29,   29,   29,   29,   29,   29,   29,   29,   29,   29,   29,   29,   29,   29,   29,   29,   29,   29,   29,   29,   29,   29,   29,   29,   29,   29,   29,   29,   29,   29,   29,   29,   29,   29,   29,   29,   29,   29,   29,   29,   29,   29,   29,   29,   29,   29,   29,   29,   29,   29,   29,   29,   29,   29,   29,   29,   29,   29,   29,   29,   29,   29,   29,   29,   29,   29,   29,   29,   29,   29,   29,   29,   29,   29,   29,   29,   29,  261,  262,  219,  208,  209,  210,  211,  219,  258,  218,  218,  218,  218,  219,  258,  206,  207,  208,  209,  210,  211,  212,  213, 
  29,   29,   29,   29,   29,   29,   29,   29,   29,   29,   29,   29,   29,   29,   29,   29,   29,   29,   29,   29,   29,   29,   29,   29,   29,   29,   29,   29,   29,   29,   29,   29,   29,   29,   29,   29,   29,   29,   29,   29,   29,   29,   29,   29,   29,   29,   29,   29,   29,   29,   29,   29,   29,   29,   29,   29,   29,   29,   29,   29,   29,   29,   29,   29,   29,   29,   29,   29,   29,   29,   29,   29,   29,   29,   29,   29,   29,   29,   29,   29,   29,   29,   29,   29,   29,   29,   29,   29,   29,   29,   29,   29,   29,   29,   29,   29,   29,   29,   29,   29,   29,   29,   29,   29,   29,   29,   29,  263,  264,  230,  231,  232,  265,  220,  221,  222,  214,  215,  216,  219,  227,  228,  229,  230,  231,  232,   29,   29, 
  29,   29,   29,   29,   29,   29,   29,   29,   29,   29,   29,   29,   29,   29,   29,   29,   29,   29,   29,   29,   29,   29,   29,   29,   29,   29,   29,   29,   29,   29,   29,   29,   29,   29,   29,   29,   29,   29,   29,   29,   29,   29,   29,   29,   29,   29,   29,   29,   29,   29,   29,   29,   29,   29,   29,   29,   29,   29,   29,   29,   29,   29,   29,   29,   29,   29,   29,   29,   29,   29,   29,   29,   29,   29,   29,   29,   29,   29,   29,   29,   29,   29,   29,   29,   29,   29,   29,   29,   29,   29,   29,   29,   29,   29,   29,   29,   29,   29,   29,   29,   29,   29,   29,   29,  266,  267,  268,  269,  270,   29,  248,  249,  237,  238,  239,  240,  233,  234,  235,  246,  247,   29,   29,   29,  248,  249,   29,   29, 
  29,   29,   29,   29,   29,   29,   29,   29,   29,   29,   29,   29,   29,   29,   29,  271,  272,  273,  274,   29,   29,   29,   29,   29,   29,   29,   29,   29,   29,   29,   29,   29,   29,   29,   29,   29,   29,   29,   29,   29,   29,   29,   29,   29,   29,   29,   29,   29,   29,   29,   29,   29,   29,   29,   29,   29,   29,   29,   29,   29,   29,   29,   29,   29,   29,   29,   29,   29,   29,   29,   29,   29,   29,   29,   29,   29,   29,   29,   29,   29,   29,   29,   29,   29,   29,   29,   29,   29,   29,   29,   29,   29,   29,   29,   29,   29,   29,   29,   29,   29,   29,   29,   29,   29,  275,  276,  277,  278,  279,   29,   29,   29,  252,  253,  254,   29,  250,  251,   29,  259,  260,   29,   29,   29,   29,   29,   29,   29, 
  29,   29,   29,   29,   29,   29,   29,   29,   29,   29,   29,   29,   29,   29,   29,  280,  281,  282,  283,  284,   29,   29,   29,   29,   29,   29,   29,   29,   29,   29,   29,   29,   29,   29,   29,   29,   29,   29,   29,   29,   29,   29,   29,   29,   29,   29,   29,   29,   29,   29,   29,   29,   29,   29,   29,   29,   29,   29,   29,   29,   29,   29,   29,   29,   29,   29,   29,   29,   29,   29,   29,   29,   29,   29,   29,   29,   29,   29,   29,   29,   29,   29,   29,   29,   29,   29,   29,   29,   29,   29,   29,   29,   29,   29,   29,   29,   29,   29,   29,   29,   29,   29,   29,   29,  265,  220,  221,  222,   29,   29,   29,   29,   29,   29,   29,   29,   29,   29,   29,   29,   29,   29,   29,   29,   29,   29,   29,   29, 
  29,   29,   29,   29,   29,   29,   29,   29,   29,   29,   29,   29,   29,   29,   29,  285,  286,  287,  288,  289,   29,   29,   29,   29,   29,   29,   29,   29,   29,   29,   29,   29,   29,   29,   29,   29,   29,   29,   29,   29,   29,   29,   29,   29,   29,   29,   29,   29,   29,   29,   29,   29,   29,   29,   29,   29,   29,   29,   29,   29,   29,   29,   29,   29,   29,   29,   29,   29,   29,   29,   29,   29,   29,   29,   29,   29,   29,   29,   29,   29,   29,   29,   29,   29,   29,   29,   29,   29,   29,   29,   29,   29,   29,   29,   29,   29,   29,   29,   29,   29,   29,   29,   29,   29,  237,  238,  239,  240,   29,   29,   29,   29,   29,   29,   29,   29,   29,   29,   29,   29,   29,   29,   29,   29,   29,   29,   29,   29, 
 290,   29,   29,   29,   29,   29,   29,   29,   29,   29,   29,   29,   29,   29,   29,   29,  291,  292,  293,   29,   29,   29,   29,   29,   29,   29,   29,   29,   29,   29,   29,   29,   29,   29,   29,   29,   29,   29,   29,   29,   29,   29,   29,   29,   29,   29,   29,   29,   29,   29,   29,   29,   29,   29,   29,   29,   29,   29,   29,   29,   29,   29,   29,   29,   29,   29,   29,   29,   29,   29,   29,   29,   29,   29,   29,   29,   29,   29,   29,   29,   29,   29,   29,   29,   29,   29,   29,   29,   29,   29,   29,   29,   29,   29,   29,   29,   29,   29,   29,   29,  294,  295,   29,   29,  252,  253,  254,   29,   29,   29,   29,   29,   29,   29,   29,   29,   29,   29,   29,   29,   29,   29,   29,   29,   29,   29,   29,   29, 
 296,  294,  297,   29,   29,   29,   29,   29,   29,   29,   29,   29,   29,   29,   29,   29,  298,  299,  300,  301,  302,  303,  300,  301,  304,  305,  300,  301,  300,  301,  304,  305,   29,   29,   29,   29,   29,   29,   29,   29,   29,   29,   29,   29,   29,   29,   29,   29,   29,   29,   29,   29,   29,   29,   29,   29,   29,   29,   29,   29,   29,   29,   29,   29,   29,   29,   29,   29,   29,   29,   29,   29,   29,   29,   29,   29,   29,   29,   29,   29,   29,   29,   29,   29,   29,   29,   29,   29,   29,   29,   29,   29,   29,   29,   29,   29,  300,  301,  304,  305,  306,  307,   29,   29,   29,   29,   29,   29,   29,   29,   29,   29,   29,   29,   29,   29,   29,   29,   29,   29,   29,   29,   29,   29,   29,   29,   29,   29, 
 308,  306,  307,   29,   29,   29,   29,   29,   29,   29,   29,   29,   29,   29,   29,   29,  214,  215,  216,  217,  244,  245,  218,  219,  218,  218,  219,  218,  208,  209,  210,  211,  309,  310,  311,  312,  313,  314,  315,  316,  317,  318,  319,  310,  320,  310,  321,  322,  323,  324,  309,  310,  325,  316,  317,  318,  319,  310,  320,  310,  321,  322,  323,  324,  309,  310,  311,  312,  313,  314,  315,  316,  317,  318,  319,  310,  320,  310,  321,  322,  323,  324,  309,  310,  325,  316,  317,  318,  319,  310,  320,  310,  321,  322,  323,  324,  208,  209,  210,  211,  212,  213,   29,   29,   29,   29,   29,   29,   29,   29,   29,   29,   29,   29,   29,   29,   29,   29,   29,   29,   29,   29,   29,   29,   29,   29,   29,   55, 
 326,  100,   29,   29,   29,   29,   29,   29,   29,   29,   29,   29,   29,   29,   29,   29,  233,  234,  235,  236,  219,  258,  218,  218,  219,  220,  221,  222,  229,  230,  231,  232,  327,   29,   29,  328,  329,  330,  331,  332,  333,  334,  335,   29,   29,   29,  336,  337,  338,  339,  327,   29,   29,  332,  333,  334,  335,   29,   29,   29,  336,  337,  338,  339,  327,   29,   29,  328,  329,  330,  331,  332,  333,  334,  335,   29,   29,   29,  336,  337,  338,  339,  327,   29,   29,  332,  333,  334,  335,   29,   29,   29,  336,  337,  338,  339,  229,  230,  231,  232,   29,   29,   29,   29,   29,   29,   29,   29,   29,   29,   29,   29,   29,   29,   29,   29,   29,   29,   29,   29,   29,   29,   29,   29,   29,   29,   29,   56, 
 340,   29,   29,   29,   29,   29,   29,   29,   29,   29,   29,   29,   29,   29,   29,   29,  250,  251,   29,   29,  214,  215,  216,  217,  237,  238,  239,  240,   29,   29,  248,  249,  341,   29,   29,  342,  343,   29,   29,  344,  345,  346,   29,   29,   29,   29,   29,   29,   29,  347,  341,   29,   29,  344,  345,  346,   29,   29,   29,   29,   29,   29,   29,  347,  341,   29,   29,  342,  343,   29,   29,  344,  345,  346,   29,   29,   29,   29,   29,   29,   29,  347,  341,   29,   29,  344,  345,  346,   29,   29,   29,   29,   29,   29,   29,  347,   29,   29,  248,  249,   29,   29,   29,   29,   29,   29,   29,   29,   29,   29,   29,   29,   29,   29,   29,   29,   29,   29,   29,   29,   29,   29,   29,   29,   29,   29,   29,   30, 
 348,   29,   29,   29,   29,   29,   29,   29,   29,   29,   29,   29,   29,   29,   29,   29,   29,   29,   29,   29,  233,  234,  235,  236,  252,  253,  254,   29,   29,   29,   29,   29,   29,   29,   29,   29,   29,   29,   29,   29,   29,   29,   29,   29,   29,   29,   29,   29,   29,   29,   29,   29,   29,   29,   29,   29,   29,   29,   29,   29,   29,   29,   29,   29,   29,   29,   29,   29,   29,   29,   29,   29,   29,   29,   29,   29,   29,   29,   29,   29,   29,   29,   29,   29,   29,   29,   29,   29,   29,   29,   29,   29,   29,   29,   29,   29,   29,   29,   29,   29,   29,   29,   29,   29,   29,   29,   29,   29,   29,   29,   29,   29,   29,   29,   29,   29,   29,   29,   29,   29,   29,   29,   29,   29,   29,   29,   29,   46, 
 349,   29,   29,   29,   29,   29,   29,   29,   29,   29,   29,   29,   29,   29,   29,   29,   29,   29,   29,   29,  250,  251,   29,   29,   29,   29,   29,   29,   29,   29,   29,   29,   29,   29,   29,   29,   29,   29,   29,   29,   29,   29,   29,   29,   29,   29,   29,   29,   29,   29,   29,   29,   29,   29,   29,   29,   29,   29,   29,   29,   29,   29,   29,   29,   29,   29,   29,   29,   29,   29,   29,   29,   29,   29,   29,   29,   29,   29,   29,   29,   29,   29,   29,   29,   29,   29,   29,   29,   29,   29,   29,   29,   29,   29,   29,   29,   29,   29,   29,   29,   29,   29,   29,   29,   29,   29,   29,   29,   29,   29,   29,   29,   29,   29,   29,   29,   29,   29,   29,   29,   29,   29,   29,   29,   29,   29,   29,   50, 
 350,   29,   29,   29,   29,   29,   29,   29,   29,   29,   29,   29,   29,   29,   29,   29,   29,   29,   29,   29,   29,   29,   29,   29,   29,   29,   29,   29,   29,   29,   29,   29,   29,   29,   29,   29,   29,   29,   29,   29,   29,   29,   29,   29,   29,   29,   29,   29,   29,   29,   29,   29,   29,   29,   29,   29,   29,   29,   29,   29,   29,   29,   29,   29,   29,   29,   29,   29,   29,   29,   29,   29,   29,   29,   29,   29,   29,   29,   29,   29,   29,   29,   29,   29,   29,   29,   29,   29,   29,   29,   29,   29,   29,   29,   29,   29,   29,   29,   29,   29,   29,   29,   29,   29,   29,   29,   29,   29,   29,   29,   29,   29,   29,   29,   29,   29,   29,   29,   29,   29,   29,   29,   29,   29,   29,   29,   29,   52, 
 290,   29,   29,   29,   29,   29,   29,  351,  352,  353,   29,   29,   29,   29,   29,   29,   29,   29,   29,   29,   29,   29,   29,   29,   29,   29,   29,   29,   29,   29,   29,   29,   29,   29,   29,   29,   29,   29,   29,   29,   29,   29,   29,   29,   29,   29,   29,   29,   29,   29,   29,   29,   29,   29,   29,   29,   29,   29,   29,   29,   29,   29,   29,   29,   29,   29,   29,   29,   29,   29,   29,   29,   29,   29,   29,   29,   29,   29,   29,   29,   29,   29,   29,   29,   29,   29,   29,   29,   29,   29,   29,   29,   29,   29,   29,   29,   29,   29,   29,   29,   29,   29,   29,   29,   29,   29,   29,   29,   29,   29,   29,   29,   29,   29,   29,   29,   29,   29,   29,   29,   29,   29,   29,   29,   29,   29,   29,   53, 
 296,   29,   29,   29,   29,   29,   29,  354,  355,  356,   29,   29,   29,   29,   29,   29,   29,   29,   29,   29,   29,   29,   29,   29,   29,   29,   29,   29,   29,   29,   29,   29,   29,   29,   29,   29,   29,   29,   29,   29,   29,   29,   29,   29,   29,   29,   29,   29,   29,   29,   29,   29,   29,   29,   29,   29,   29,   29,   29,   29,   29,   29,   29,   29,   29,   29,   29,   29,   29,   29,   29,   29,   29,   29,   29,   29,   29,   29,   29,   29,   29,   29,   29,   29,   29,   29,   29,   29,   29,   29,   29,   29,   29,   29,   29,   29,   29,   29,   29,   29,   29,   29,   29,   29,   29,   29,   29,   29,   29,   29,   29,   29,   29,   29,   29,   29,   29,   29,   29,   29,   29,   29,   29,   29,   29,   29,   29,   54, 
  92,   29,   29,  297,   29,   29,   29,  357,  358,  359,  360,  361,  362,   29,   29,   29,   29,   29,   29,   29,   29,   29,   29,   29,   29,   29,   29,   29,   29,   29,   29,   29,   29,   29,   29,   29,   29,   29,   29,   29,   29,   29,   29,   29,   29,   29,   29,   29,   29,   29,   29,   29,   29,   29,   29,   29,   29,   29,   29,   29,   29,   29,   29,   29,   29,   29,   29,   29,   29,   29,   29,   29,   29,   29,   29,   29,   29,   29,   29,   29,   29,   29,   29,   29,   29,   29,   29,   29,   29,   29,   29,   29,   29,   29,   29,   29,   29,   29,   29,   29,   29,   29,   29,   29,   29,  363,  364,  365,  366,  367,   29,   29,   29,   29,   29,   29,   29,   29,   29,   29,   29,   29,   29,  368,  369,  370,   29,   55, 
 115,   29,   29,  294,  297,   29,   29,  371,  372,  373,  374,  375,  376,   29,   29,   29,   29,   29,   29,   29,   29,   29,   29,   29,   29,   29,   29,   29,   29,   29,   29,   29,   29,   29,   29,   29,   29,   29,   29,   29,   29,   29,   29,   29,   29,   29,   29,   29,   29,   29,   29,   29,   29,   29,   29,   29,   29,   29,   29,   29,   29,   29,   29,   29,   29,   29,   29,   29,   29,   29,   29,   29,   29,   29,   29,   29,   29,   29,   29,   29,   29,   29,   29,   29,   29,   29,   29,   29,   29,   29,   29,   29,   29,   29,   29,   29,   29,   29,   29,   29,   29,   29,   29,   29,   29,  377,  378,  379,  380,  381,   29,   29,   29,   29,   29,   29,   29,   29,   29,   29,   29,   29,   29,  382,  383,  384,   29,   56, 
 143,   29,   29,  306,  307,   29,   29,  385,  386,  387,  388,  389,  390,   29,   29,   29,   29,   29,   29,   29,   29,   29,   29,   29,   29,   29,   29,   29,   29,   29,   29,   29,   29,   29,   29,   29,   29,   29,   29,   29,   29,   29,   29,   29,   29,   29,   29,   29,   29,   29,   29,   29,   29,   29,   29,   29,   29,   29,   29,   29,   29,   29,   29,   29,   29,   29,   29,   29,   29,   29,   29,   29,   29,   29,   29,   29,   29,   29,   29,   29,   29,   29,   29,   29,   29,   29,   29,   29,   29,   29,   29,   29,   29,   29,   29,   29,   29,   29,   29,   29,   29,   29,   29,   29,   29,  391,  392,  393,  394,  395,   29,   29,   29,   29,   29,   29,   29,   29,   29,   29,   29,   29,   29,  396,  397,  398,   29,  399, 
  77,   74,   75,   76,   77,   74,   75,   76,   77,   74,   75,   76,   87,   29,   29,   29,   29,   29,   29,   29,   29,   29,   29,   29,   29,   29,   29,   29,   29,   29,   29,   29,   29,   29,   29,   29,   29,   29,   29,   29,   29,   29,   29,   29,   29,   29,   29,   29,   29,   29,   29,   29,   29,   29,   29,   29,   29,   29,   29,   29,   29,   29,   29,   29,   29,   29,   29,   29,   29,   29,   29,   29,   29,   29,   29,   29,   29,   29,   29,   29,   29,   29,   29,   29,   29,   29,   29,   29,   29,   29,   29,   29,   29,   29,   29,   29,   29,   29,   29,   29,   69,   70,   29,   29,   29,  400,  401,  402,  403,  404,   29,  171,   77,   74,   75,   76,   87,   29,   29,   29,   29,   29,   29,  405,  406,  407,   29,  408, 
 178,  178,  178,  178,  178,  178,  178,  178,  178,  178,  178,  178,   77,  409,  409,   76,   77,   74,   75,   76,   77,   74,   75,   76,   77,   74,   75,   76,   77,   74,   75,   76,  410,  411,  412,  413,  410,  411,  412,  413,  410,  411,  412,  413,  410,  411,  412,  413,  410,  411,  412,  413,  410,  411,  412,  413,  410,  411,  412,  413,  410,  411,  412,  413,  410,  411,  412,  413,  410,  411,  412,  413,  410,  411,  412,  413,  410,  411,  412,  413,  410,  411,  412,  413,  410,  411,  412,  413,  410,  411,  412,  413,  410,  411,  412,  413,   77,   74,   75,   76,   77,   74,   75,   76,   77,   74,   75,   76,   77,   74,   75,   76,  178,  178,  178,  177,  414,  415,  415,  415,  415,  415,  415,  415,  415,  415,  416,   74, 