  name World4
  file ./world4_transparencia.bmp
  screen_orig_x 1024
  screen_orig_y 576
  tiles_orig_size_x 8 
  tiles_orig_size_y 8 
  screen_tiles_x 568  
  screen_tiles_y 568  
  tiles_new_size_x  32 
  tiles_new_size_y  32 
  num_scroll_planes_back 0
  num_scroll_planes_front 0
  map 
1 0, 2 0, 3 0, 4 0, 1 0, 2 0, 3 0, 4 0, 1 0, 2 0, 3 0, 4 0, 1 0, 2 0, 3 0, 4 0, 1 0, 2 0, 3 0, 4 0, 1 0, 2 0, 3 0, 4 0, 1 0, 2 0, 3 0, 4 0, 1 0, 2 0, 3 0, 4 0, 5 0, 6 0, 7 0, 8 0, 5 0, 6 0, 7 0, 8 0, 5 0, 6 0, 7 0, 8 0, 5 0, 6 0, 7 0, 8 0, 5 0, 6 0, 7 0, 8 0, 5 0, 6 0, 7 0, 8 0, 5 0, 6 0, 7 0, 8 0, 5 0, 6 0, 7 0, 8 0, 5 0, 6 0, 7 0, 8 0, 5 0, 6 0, 7 0, 8 0, 5 0, 6 0, 7 0, 8 0, 5 0, 6 0, 7 0, 8 0, 5 0, 6 0, 7 0, 8 0, 5 0, 6 0, 7 0, 8 0, 5 0, 6 0, 7 0, 8 0, 5 0, 6 0, 7 0, 8 0, 9 0, 9 0, 9 0, 9 0, 9 0, 9 0, 9 0, 9 0, 9 0, 9 0, 9 0, 9 0, 9 0, 9 0, 9 0, 9 0, 9 0, 9 0, 9 0, 9 0, 9 0, 9 0, 9 0, 9 0, 9 0, 9 0, 9 0, 9 0, 9 0, 9 0, 9 0, 9 0
10 0, 11 0, 10 1, 12 1, 13 1, 12 1, 13 1, 12 1, 13 1, 12 1, 13 1, 12 1, 13 1, 12 1, 13 1, 12 1, 13 1, 12 1, 13 1, 12 1, 13 1, 12 1, 13 1, 12 1, 13 1, 12 1, 13 1, 12 1, 13 1, 12 1, 13 1, 10 1, 14 0, 15 0, 14 0, 16 0, 17 0, 15 0, 14 0, 16 0, 17 0, 15 0, 14 0, 16 0, 17 0, 15 0, 14 0, 16 0, 17 0, 15 0, 14 0, 16 0, 17 0, 15 0, 14 0, 16 0, 17 0, 15 0, 14 0, 16 0, 17 0, 15 0, 14 0, 15 0, 14 0, 15 0, 14 0, 16 0, 17 0, 15 0, 14 0, 16 0, 17 0, 15 0, 14 0, 16 0, 17 0, 15 0, 14 0, 16 0, 17 0, 15 0, 14 0, 16 0, 17 0, 15 0, 14 0, 16 0, 17 0, 15 0, 14 0, 16 0, 17 0, 15 0, 14 0, 15 0, 9 0, 9 0, 9 0, 9 0, 9 0, 9 0, 9 0, 9 0, 9 0, 9 0, 9 0, 9 0, 9 0, 9 0, 9 0, 9 0, 9 0, 9 0, 9 0, 9 0, 9 0, 9 0, 9 0, 9 0, 9 0, 9 0, 9 0, 9 0, 9 0, 9 0, 9 0, 9 0
18 0, 19 0, 20 1, 9 0, 9 0, 9 0, 9 0, 9 0, 9 0, 9 0, 9 0, 9 0, 9 0, 9 0, 9 0, 9 0, 9 0, 9 0, 9 0, 9 0, 9 0, 9 0, 9 0, 9 0, 9 0, 9 0, 9 0, 9 0, 9 0, 9 0, 9 0, 21 1, 22 0, 23 0, 24 0, 25 0, 14 0, 26 0, 27 0, 28 0, 22 0, 23 0, 24 0, 25 0, 14 0, 26 0, 27 0, 28 0, 22 0, 23 0, 24 0, 25 0, 14 0, 26 0, 27 0, 28 0, 22 0, 23 0, 24 0, 25 0, 14 0, 26 0, 27 0, 28 0, 22 0, 23 0, 24 0, 25 0, 14 0, 26 0, 27 0, 28 0, 22 0, 23 0, 24 0, 25 0, 14 0, 26 0, 27 0, 28 0, 22 0, 23 0, 24 0, 25 0, 14 0, 26 0, 27 0, 28 0, 22 0, 23 0, 24 0, 25 0, 14 0, 26 0, 27 0, 28 0, 9 0, 9 0, 9 0, 9 0, 9 0, 9 0, 9 0, 9 0, 9 0, 9 0, 9 0, 9 0, 9 0, 9 0, 9 0, 9 0, 9 0, 9 0, 9 0, 9 0, 9 0, 9 0, 9 0, 9 0, 9 0, 9 0, 9 0, 9 0, 9 0, 9 0, 9 0, 9 0
29 0, 30 0, 31 1, 9 0, 9 0, 9 0, 9 0, 9 0, 9 0, 9 0, 9 0, 9 0, 9 0, 9 0, 9 0, 9 0, 9 0, 9 0, 9 0, 9 0, 9 0, 9 0, 9 0, 9 0, 9 0, 9 0, 9 0, 9 0, 9 0, 9 0, 9 0, 31 1, 9 0, 9 0, 9 0, 32 0, 33 0, 9 0, 9 0, 9 0, 9 0, 9 0, 9 0, 32 0, 33 0, 9 0, 9 0, 9 0, 9 0, 9 0, 9 0, 32 0, 33 0, 9 0, 9 0, 9 0, 9 0, 9 0, 9 0, 32 0, 33 0, 9 0, 9 0, 9 0, 9 0, 9 0, 9 0, 32 0, 33 0, 9 0, 9 0, 9 0, 9 0, 9 0, 9 0, 32 0, 33 0, 9 0, 9 0, 9 0, 9 0, 9 0, 9 0, 34 0, 35 0, 9 0, 9 0, 9 0, 9 0, 9 0, 9 0, 34 0, 35 0, 9 0, 9 0, 9 0, 9 0, 9 0, 9 0, 9 0, 9 0, 9 0, 9 0, 9 0, 9 0, 9 0, 9 0, 9 0, 9 0, 9 0, 9 0, 9 0, 9 0, 9 0, 9 0, 9 0, 9 0, 9 0, 9 0, 9 0, 9 0, 9 0, 9 0, 9 0, 9 0, 9 0, 9 0, 9 0
36 0, 30 0, 37 1, 9 0, 9 0, 9 0, 9 0, 9 0, 9 0, 9 0, 9 0, 9 0, 9 0, 9 0, 9 0, 9 0, 9 0, 9 0, 9 0, 38 0, 39 0, 9 0, 9 0, 9 0, 9 0, 9 0, 9 0, 9 0, 9 0, 9 0, 9 0, 40 1, 9 0, 9 0, 9 0, 41 0, 42 0, 9 0, 9 0, 43 0, 44 0, 9 0, 9 0, 41 0, 42 0, 9 0, 9 0, 43 0, 44 0, 9 0, 9 0, 41 0, 42 0, 9 0, 9 0, 43 0, 44 0, 9 0, 9 0, 41 0, 42 0, 9 0, 9 0, 9 0, 9 0, 9 0, 9 0, 41 0, 42 0, 9 0, 9 0, 9 0, 9 0, 9 0, 9 0, 41 0, 42 0, 9 0, 9 0, 9 0, 9 0, 9 0, 9 0, 45 0, 46 0, 9 0, 9 0, 9 0, 9 0, 9 0, 9 0, 45 0, 46 0, 9 0, 9 0, 9 0, 9 0, 9 0, 9 0, 9 0, 9 0, 9 0, 9 0, 9 0, 9 0, 9 0, 9 0, 9 0, 9 0, 9 0, 9 0, 9 0, 9 0, 9 0, 9 0, 9 0, 9 0, 9 0, 9 0, 9 0, 9 0, 9 0, 9 0, 9 0, 9 0, 9 0, 9 0, 9 0
47 0, 48 0, 10 1, 9 0, 9 0, 9 0, 9 0, 9 0, 9 0, 9 0, 9 0, 9 0, 9 0, 49 0, 50 0, 9 0, 9 0, 9 0, 9 0, 51 0, 52 0, 9 0, 9 0, 9 0, 9 0, 9 0, 9 0, 9 0, 9 0, 9 0, 9 0, 10 1, 9 0, 9 0, 9 0, 41 0, 53 0, 9 0, 54 0, 55 0, 56 0, 57 0, 9 0, 41 0, 53 0, 9 0, 54 0, 55 0, 58 0, 57 0, 9 0, 41 0, 53 0, 9 0, 54 0, 55 0, 56 0, 57 0, 9 0, 41 0, 53 0, 9 0, 9 0, 9 0, 9 0, 9 0, 9 0, 41 0, 53 0, 9 0, 9 0, 9 0, 9 0, 9 0, 9 0, 41 0, 53 0, 9 0, 9 0, 9 0, 9 0, 9 0, 9 0, 59 0, 60 0, 9 0, 9 0, 9 0, 9 0, 9 0, 9 0, 59 0, 60 0, 9 0, 9 0, 9 0, 9 0, 9 0, 9 0, 9 0, 9 0, 9 0, 9 0, 9 0, 9 0, 9 0, 9 0, 9 0, 9 0, 9 0, 9 0, 9 0, 9 0, 9 0, 9 0, 9 0, 9 0, 9 0, 9 0, 9 0, 9 0, 9 0, 9 0, 9 0, 9 0, 9 0, 9 0, 9 0
18 0, 61 0, 20 1, 9 0, 9 0, 9 0, 9 0, 9 0, 9 0, 9 0, 9 0, 9 0, 9 0, 62 0, 63 0, 9 0, 9 0, 9 0, 9 0, 9 0, 9 0, 9 0, 9 0, 9 0, 9 0, 9 0, 9 0, 9 0, 9 0, 9 0, 9 0, 21 1, 9 0, 9 0, 9 0, 41 0, 53 0, 9 0, 64 0, 65 0, 66 0, 67 0, 9 0, 41 0, 53 0, 9 0, 68 0, 65 0, 66 0, 67 0, 9 0, 41 0, 53 0, 9 0, 64 0, 65 0, 66 0, 67 0, 9 0, 41 0, 53 0, 9 0, 9 0, 9 0, 9 0, 9 0, 9 0, 41 0, 53 0, 9 0, 9 0, 9 0, 9 0, 9 0, 9 0, 41 0, 53 0, 9 0, 9 0, 9 0, 9 0, 9 0, 9 0, 59 0, 60 0, 9 0, 9 0, 9 0, 9 0, 9 0, 9 0, 59 0, 60 0, 9 0, 9 0, 9 0, 9 0, 9 0, 9 0, 9 0, 9 0, 9 0, 9 0, 9 0, 9 0, 9 0, 9 0, 9 0, 9 0, 9 0, 9 0, 9 0, 9 0, 9 0, 9 0, 9 0, 9 0, 9 0, 9 0, 9 0, 9 0, 9 0, 9 0, 9 0, 9 0, 9 0, 9 0, 9 0
29 0, 30 0, 31 1, 9 0, 9 0, 9 0, 9 0, 9 0, 9 0, 9 0, 9 0, 9 0, 9 0, 69 0, 70 0, 9 0, 9 0, 9 0, 9 0, 9 0, 9 0, 9 0, 9 0, 9 0, 9 0, 9 0, 9 0, 9 0, 9 0, 9 0, 9 0, 31 1, 9 0, 9 0, 9 0, 41 0, 53 0, 9 0, 71 0, 72 0, 73 0, 74 0, 9 0, 41 0, 53 0, 9 0, 71 0, 72 0, 73 0, 74 0, 9 0, 41 0, 53 0, 9 0, 71 0, 72 0, 73 0, 74 0, 9 0, 41 0, 53 0, 9 0, 9 0, 9 0, 9 0, 9 0, 9 0, 41 0, 53 0, 9 0, 9 0, 9 0, 9 0, 9 0, 9 0, 41 0, 53 0, 9 0, 9 0, 9 0, 9 0, 9 0, 9 0, 59 0, 60 0, 9 0, 9 0, 9 0, 9 0, 9 0, 9 0, 59 0, 60 0, 9 0, 9 0, 9 0, 9 0, 9 0, 9 0, 9 0, 9 0, 9 0, 9 0, 9 0, 9 0, 9 0, 9 0, 9 0, 9 0, 9 0, 9 0, 9 0, 9 0, 9 0, 9 0, 9 0, 9 0, 9 0, 9 0, 9 0, 9 0, 9 0, 9 0, 9 0, 9 0, 9 0, 9 0, 9 0
36 0, 30 0, 37 1, 9 0, 9 0, 9 0, 9 0, 9 0, 9 0, 9 0, 9 0, 9 0, 9 0, 75 0, 76 0, 9 0, 9 0, 9 0, 9 0, 9 0, 9 0, 9 0, 9 0, 9 0, 9 0, 9 0, 9 0, 9 0, 9 0, 9 0, 9 0, 40 1, 9 0, 9 0, 9 0, 41 0, 53 0, 9 0, 77 0, 78 0, 79 0, 80 0, 9 0, 41 0, 53 0, 9 0, 77 0, 78 0, 79 0, 80 0, 9 0, 41 0, 53 0, 9 0, 77 0, 78 0, 79 0, 80 0, 9 0, 41 0, 53 0, 9 0, 9 0, 9 0, 9 0, 9 0, 9 0, 41 0, 53 0, 9 0, 9 0, 9 0, 9 0, 9 0, 9 0, 41 0, 53 0, 9 0, 9 0, 9 0, 9 0, 9 0, 9 0, 59 0, 60 0, 9 0, 9 0, 9 0, 9 0, 9 0, 9 0, 59 0, 60 0, 9 0, 9 0, 9 0, 9 0, 9 0, 9 0, 9 0, 9 0, 9 0, 9 0, 9 0, 9 0, 9 0, 9 0, 9 0, 9 0, 9 0, 9 0, 9 0, 9 0, 9 0, 9 0, 9 0, 9 0, 9 0, 9 0, 9 0, 9 0, 9 0, 9 0, 9 0, 9 0, 9 0, 9 0, 9 0
47 0, 48 0, 10 1, 9 0, 9 0, 9 0, 9 0, 9 0, 9 0, 9 0, 9 0, 9 0, 9 0, 81 0, 82 0, 9 0, 9 0, 9 0, 9 0, 9 0, 9 0, 9 0, 9 0, 9 0, 9 0, 9 0, 9 0, 9 0, 9 0, 9 0, 9 0, 10 1, 9 0, 9 0, 9 0, 41 0, 53 0, 9 0, 83 0, 84 0, 85 0, 86 0, 9 0, 41 0, 53 0, 9 0, 83 0, 84 0, 85 0, 86 0, 9 0, 41 0, 53 0, 9 0, 83 0, 84 0, 85 0, 86 0, 9 0, 41 0, 53 0, 9 0, 9 0, 9 0, 9 0, 9 0, 9 0, 41 0, 53 0, 9 0, 9 0, 9 0, 9 0, 9 0, 9 0, 41 0, 53 0, 9 0, 9 0, 9 0, 9 0, 9 0, 9 0, 59 0, 60 0, 9 0, 9 0, 9 0, 9 0, 9 0, 9 0, 59 0, 60 0, 9 0, 9 0, 9 0, 9 0, 9 0, 9 0, 9 0, 9 0, 9 0, 9 0, 9 0, 9 0, 9 0, 9 0, 9 0, 9 0, 9 0, 9 0, 9 0, 9 0, 9 0, 9 0, 9 0, 9 0, 9 0, 9 0, 9 0, 9 0, 9 0, 9 0, 9 0, 9 0, 9 0, 9 0, 9 0
18 0, 61 0, 20 1, 87 1, 9 0, 9 0, 9 0, 9 0, 9 0, 9 0, 9 0, 9 0, 9 0, 88 0, 89 0, 9 0, 9 0, 9 0, 9 0, 9 0, 9 0, 9 0, 9 0, 9 0, 9 0, 90 1, 91 1, 92 1, 9 0, 9 0, 9 0, 21 1, 9 0, 9 0, 9 0, 41 0, 53 0, 9 0, 9 0, 9 0, 9 0, 9 0, 9 0, 41 0, 53 0, 9 0, 9 0, 9 0, 9 0, 9 0, 9 0, 41 0, 53 0, 9 0, 9 0, 9 0, 9 0, 9 0, 9 0, 41 0, 53 0, 9 0, 9 0, 9 0, 9 0, 9 0, 9 0, 41 0, 53 0, 9 0, 9 0, 9 0, 9 0, 9 0, 9 0, 41 0, 53 0, 9 0, 9 0, 9 0, 9 0, 9 0, 9 0, 93 0, 94 0, 9 0, 9 0, 9 0, 9 0, 9 0, 9 0, 59 0, 60 0, 9 0, 9 0, 9 0, 9 0, 9 0, 9 0, 9 0, 9 0, 9 0, 9 0, 9 0, 9 0, 9 0, 9 0, 9 0, 9 0, 9 0, 9 0, 9 0, 9 0, 9 0, 9 0, 9 0, 9 0, 9 0, 9 0, 9 0, 9 0, 9 0, 9 0, 9 0, 9 0, 9 0, 9 0, 9 0
29 0, 30 0, 31 1, 9 0, 9 0, 9 0, 9 0, 9 0, 9 0, 9 0, 95 1, 95 1, 95 1, 95 1, 95 1, 95 1, 95 1, 95 1, 95 1, 95 1, 95 1, 95 1, 95 1, 95 1, 95 1, 95 1, 95 1, 95 1, 95 1, 95 1, 95 1, 96 1, 9 0, 9 0, 9 0, 41 0, 53 0, 9 0, 9 0, 9 0, 9 0, 9 0, 9 0, 41 0, 53 0, 9 0, 9 0, 9 0, 9 0, 9 0, 9 0, 41 0, 53 0, 9 0, 9 0, 9 0, 9 0, 9 0, 9 0, 41 0, 53 0, 9 0, 9 0, 9 0, 9 0, 9 0, 9 0, 41 0, 53 0, 9 0, 9 0, 9 0, 9 0, 9 0, 9 0, 41 0, 53 0, 9 0, 9 0, 9 0, 9 0, 9 0, 97 0, 98 0, 99 0, 100 0, 9 0, 9 0, 9 0, 9 0, 9 0, 59 0, 60 0, 9 0, 9 0, 9 0, 9 0, 9 0, 9 0, 9 0, 9 0, 9 0, 9 0, 9 0, 9 0, 9 0, 9 0, 9 0, 9 0, 9 0, 9 0, 9 0, 9 0, 9 0, 9 0, 9 0, 9 0, 9 0, 9 0, 9 0, 9 0, 9 0, 9 0, 9 0, 9 0, 9 0, 9 0, 9 0
36 0, 30 0, 37 1, 9 0, 9 0, 9 0, 9 0, 9 0, 9 0, 9 0, 101 1, 4 1, 1 1, 2 1, 3 1, 4 1, 1 1, 2 1, 3 1, 4 1, 1 1, 2 1, 3 1, 4 1, 1 1, 2 1, 3 1, 4 1, 1 1, 2 1, 3 1, 4 1, 9 0, 9 0, 9 0, 41 0, 53 0, 9 0, 9 0, 9 0, 9 0, 9 0, 9 0, 41 0, 53 0, 9 0, 9 0, 9 0, 9 0, 9 0, 9 0, 41 0, 53 0, 9 0, 9 0, 9 0, 9 0, 9 0, 9 0, 41 0, 53 0, 9 0, 9 0, 9 0, 9 0, 9 0, 9 0, 41 0, 53 0, 9 0, 9 0, 9 0, 9 0, 9 0, 9 0, 41 0, 53 0, 9 0, 9 0, 9 0, 9 0, 9 0, 102 0, 103 0, 104 0, 105 0, 9 0, 9 0, 9 0, 9 0, 9 0, 59 0, 60 0, 9 0, 9 0, 9 0, 9 0, 9 0, 9 0, 9 0, 9 0, 9 0, 9 0, 9 0, 9 0, 9 0, 9 0, 9 0, 9 0, 9 0, 9 0, 9 0, 9 0, 9 0, 9 0, 9 0, 9 0, 9 0, 9 0, 9 0, 9 0, 9 0, 9 0, 9 0, 9 0, 9 0, 9 0, 9 0
47 0, 48 0, 10 1, 9 0, 9 0, 9 0, 9 0, 9 0, 9 0, 9 0, 10 1, 9 0, 9 0, 9 0, 9 0, 9 0, 9 0, 9 0, 9 0, 32 0, 33 0, 9 0, 9 0, 9 0, 9 0, 9 0, 9 0, 9 0, 9 0, 9 0, 9 0, 9 0, 9 0, 9 0, 9 0, 41 0, 53 0, 9 0, 9 0, 9 0, 9 0, 9 0, 9 0, 41 0, 53 0, 9 0, 9 0, 9 0, 9 0, 9 0, 9 0, 41 0, 53 0, 9 0, 9 0, 9 0, 9 0, 9 0, 9 0, 41 0, 53 0, 9 0, 9 0, 9 0, 9 0, 9 0, 9 0, 41 0, 53 0, 9 0, 9 0, 9 0, 9 0, 9 0, 9 0, 41 0, 53 0, 9 0, 9 0, 9 0, 9 0, 9 0, 9 0, 9 0, 9 0, 9 0, 9 0, 9 0, 9 0, 9 0, 9 0, 59 0, 60 0, 9 0, 9 0, 9 0, 9 0, 9 0, 9 0, 9 0, 9 0, 9 0, 9 0, 9 0, 9 0, 9 0, 9 0, 9 0, 9 0, 9 0, 9 0, 9 0, 9 0, 9 0, 9 0, 9 0, 9 0, 9 0, 9 0, 9 0, 9 0, 9 0, 9 0, 9 0, 9 0, 9 0, 9 0, 9 0
18 0, 19 0, 20 1, 9 0, 9 0, 9 0, 9 0, 9 0, 9 0, 9 0, 21 1, 9 0, 9 0, 9 0, 9 0, 9 0, 9 0, 9 0, 9 0, 106 0, 107 0, 9 0, 9 0, 9 0, 9 0, 9 0, 9 0, 9 0, 9 0, 9 0, 9 0, 9 0, 9 0, 9 0, 9 0, 41 0, 53 0, 9 0, 9 0, 38 0, 39 0, 9 0, 9 0, 41 0, 53 0, 9 0, 9 0, 9 0, 9 0, 9 0, 9 0, 41 0, 53 0, 9 0, 9 0, 38 0, 39 0, 9 0, 9 0, 41 0, 53 0, 9 0, 9 0, 9 0, 9 0, 9 0, 9 0, 41 0, 53 0, 9 0, 9 0, 9 0, 9 0, 9 0, 9 0, 41 0, 53 0, 9 0, 9 0, 9 0, 9 0, 9 0, 9 0, 9 0, 9 0, 9 0, 9 0, 9 0, 9 0, 9 0, 9 0, 59 0, 60 0, 9 0, 9 0, 9 0, 9 0, 9 0, 9 0, 9 0, 9 0, 9 0, 9 0, 9 0, 9 0, 9 0, 9 0, 9 0, 9 0, 9 0, 9 0, 9 0, 9 0, 9 0, 9 0, 9 0, 9 0, 9 0, 9 0, 9 0, 9 0, 9 0, 9 0, 9 0, 9 0, 9 0, 9 0, 9 0
29 0, 30 0, 31 1, 9 0, 9 0, 9 0, 9 0, 9 0, 9 0, 9 0, 31 1, 9 0, 9 0, 9 0, 9 0, 9 0, 9 0, 9 0, 97 0, 98 0, 99 0, 100 0, 9 0, 9 0, 9 0, 9 0, 9 0, 9 0, 9 0, 9 0, 9 0, 9 0, 9 0, 9 0, 9 0, 41 0, 53 0, 9 0, 9 0, 51 0, 52 0, 9 0, 9 0, 41 0, 53 0, 9 0, 9 0, 9 0, 9 0, 9 0, 9 0, 41 0, 53 0, 9 0, 9 0, 51 0, 52 0, 9 0, 9 0, 41 0, 53 0, 9 0, 9 0, 9 0, 9 0, 9 0, 9 0, 41 0, 53 0, 9 0, 9 0, 9 0, 9 0, 9 0, 9 0, 41 0, 53 0, 9 0, 9 0, 9 0, 9 0, 9 0, 9 0, 9 0, 9 0, 9 0, 9 0, 9 0, 9 0, 9 0, 9 0, 59 0, 60 0, 9 0, 9 0, 9 0, 9 0, 9 0, 9 0, 9 0, 9 0, 9 0, 9 0, 9 0, 9 0, 9 0, 9 0, 9 0, 9 0, 9 0, 9 0, 9 0, 9 0, 9 0, 9 0, 9 0, 9 0, 9 0, 9 0, 9 0, 9 0, 9 0, 9 0, 9 0, 9 0, 9 0, 9 0, 9 0
36 0, 30 0, 37 1, 9 0, 9 0, 9 0, 9 0, 9 0, 9 0, 108 1, 40 1, 9 0, 9 0, 9 0, 9 0, 9 0, 9 0, 9 0, 102 0, 103 0, 104 0, 105 0, 9 0, 9 0, 9 0, 9 0, 9 0, 9 0, 9 0, 9 0, 9 0, 9 0, 9 0, 9 0, 9 0, 41 0, 53 0, 9 0, 9 0, 9 0, 9 0, 9 0, 9 0, 41 0, 53 0, 9 0, 9 0, 9 0, 9 0, 9 0, 9 0, 41 0, 53 0, 9 0, 9 0, 9 0, 9 0, 9 0, 9 0, 41 0, 53 0, 9 0, 9 0, 9 0, 9 0, 9 0, 9 0, 41 0, 53 0, 9 0, 9 0, 9 0, 9 0, 9 0, 9 0, 41 0, 53 0, 9 0, 9 0, 9 0, 9 0, 9 0, 9 0, 9 0, 9 0, 9 0, 9 0, 9 0, 9 0, 9 0, 9 0, 93 0, 94 0, 9 0, 9 0, 9 0, 9 0, 9 0, 9 0, 9 0, 9 0, 9 0, 9 0, 9 0, 9 0, 9 0, 9 0, 9 0, 9 0, 9 0, 9 0, 9 0, 9 0, 9 0, 9 0, 9 0, 9 0, 9 0, 9 0, 9 0, 9 0, 9 0, 9 0, 9 0, 9 0, 9 0, 9 0, 9 0
47 0, 48 0, 10 1, 9 0, 9 0, 9 0, 9 0, 9 0, 9 0, 9 0, 10 1, 9 0, 9 0, 9 0, 9 0, 9 0, 9 0, 9 0, 9 0, 9 0, 9 0, 9 0, 9 0, 9 0, 9 0, 9 0, 9 0, 9 0, 9 0, 9 0, 9 0, 9 0, 9 0, 9 0, 9 0, 41 0, 53 0, 9 0, 9 0, 9 0, 9 0, 9 0, 9 0, 41 0, 53 0, 9 0, 9 0, 9 0, 9 0, 9 0, 9 0, 41 0, 53 0, 9 0, 9 0, 9 0, 9 0, 9 0, 9 0, 41 0, 53 0, 9 0, 9 0, 9 0, 9 0, 9 0, 9 0, 41 0, 53 0, 9 0, 9 0, 9 0, 9 0, 9 0, 9 0, 41 0, 53 0, 9 0, 9 0, 9 0, 109 0, 110 0, 111 0, 9 0, 9 0, 9 0, 9 0, 9 0, 9 0, 9 0, 97 0, 98 0, 99 0, 100 0, 9 0, 9 0, 9 0, 9 0, 9 0, 9 0, 9 0, 9 0, 9 0, 9 0, 9 0, 9 0, 9 0, 9 0, 9 0, 9 0, 9 0, 9 0, 9 0, 9 0, 9 0, 9 0, 9 0, 9 0, 9 0, 9 0, 9 0, 9 0, 9 0, 9 0, 9 0, 9 0, 9 0, 9 0
18 0, 61 0, 20 1, 9 0, 9 0, 9 0, 9 0, 9 0, 9 0, 9 0, 21 1, 9 0, 9 0, 9 0, 9 0, 9 0, 9 0, 9 0, 9 0, 9 0, 9 0, 9 0, 9 0, 112 0, 113 0, 9 0, 9 0, 9 0, 9 0, 9 0, 9 0, 9 0, 9 0, 9 0, 9 0, 41 0, 53 0, 9 0, 9 0, 9 0, 9 0, 9 0, 9 0, 41 0, 53 0, 9 0, 9 0, 9 0, 9 0, 9 0, 9 0, 41 0, 53 0, 9 0, 9 0, 9 0, 9 0, 9 0, 9 0, 41 0, 53 0, 9 0, 9 0, 9 0, 9 0, 9 0, 9 0, 41 0, 53 0, 9 0, 9 0, 9 0, 9 0, 9 0, 9 0, 41 0, 53 0, 9 0, 9 0, 9 0, 114 0, 115 0, 116 0, 117 0, 9 0, 9 0, 9 0, 118 0, 119 0, 9 0, 102 0, 103 0, 104 0, 105 0, 9 0, 9 0, 9 0, 9 0, 9 0, 9 0, 9 0, 9 0, 9 0, 9 0, 9 0, 9 0, 9 0, 9 0, 9 0, 9 0, 9 0, 9 0, 9 0, 9 0, 9 0, 9 0, 9 0, 9 0, 9 0, 9 0, 9 0, 9 0, 9 0, 9 0, 9 0, 9 0, 9 0, 9 0
29 0, 30 0, 31 1, 9 0, 9 0, 9 0, 9 0, 9 0, 9 0, 9 0, 31 1, 9 0, 9 0, 9 0, 9 0, 9 0, 9 0, 9 0, 9 0, 9 0, 9 0, 9 0, 9 0, 120 0, 121 0, 9 0, 9 0, 9 0, 9 0, 9 0, 9 0, 9 0, 9 0, 9 0, 9 0, 41 0, 53 0, 9 0, 9 0, 9 0, 9 0, 9 0, 9 0, 41 0, 53 0, 9 0, 9 0, 9 0, 9 0, 9 0, 9 0, 41 0, 53 0, 9 0, 9 0, 9 0, 9 0, 9 0, 9 0, 41 0, 53 0, 9 0, 9 0, 9 0, 9 0, 9 0, 9 0, 41 0, 53 0, 9 0, 9 0, 9 0, 9 0, 9 0, 9 0, 41 0, 53 0, 9 0, 9 0, 9 0, 9 0, 9 0, 9 0, 9 0, 9 0, 9 0, 9 0, 122 0, 123 0, 9 0, 9 0, 9 0, 9 0, 9 0, 9 0, 9 0, 9 0, 9 0, 9 0, 9 0, 9 0, 9 0, 9 0, 9 0, 9 0, 9 0, 9 0, 9 0, 9 0, 9 0, 9 0, 9 0, 9 0, 9 0, 9 0, 9 0, 9 0, 9 0, 9 0, 9 0, 9 0, 9 0, 9 0, 9 0, 9 0, 9 0, 9 0, 9 0
36 0, 30 0, 37 1, 87 1, 9 0, 9 0, 9 0, 9 0, 9 0, 9 0, 40 1, 9 0, 9 0, 9 0, 9 0, 9 0, 9 0, 9 0, 9 0, 9 0, 9 0, 9 0, 9 0, 124 0, 125 0, 9 0, 126 0, 127 0, 128 0, 129 0, 9 0, 9 0, 9 0, 9 0, 9 0, 41 0, 53 0, 9 0, 9 0, 9 0, 9 0, 9 0, 9 0, 41 0, 53 0, 9 0, 9 0, 9 0, 9 0, 9 0, 9 0, 41 0, 53 0, 9 0, 9 0, 9 0, 9 0, 9 0, 9 0, 41 0, 53 0, 9 0, 9 0, 9 0, 9 0, 9 0, 9 0, 41 0, 53 0, 9 0, 9 0, 9 0, 9 0, 9 0, 9 0, 41 0, 53 0, 9 0, 9 0, 9 0, 9 0, 9 0, 9 0, 9 0, 9 0, 9 0, 9 0, 130 0, 131 0, 9 0, 126 0, 127 0, 128 0, 129 0, 9 0, 9 0, 9 0, 9 0, 9 0, 9 0, 9 0, 9 0, 9 0, 9 0, 9 0, 9 0, 9 0, 9 0, 9 0, 9 0, 9 0, 9 0, 9 0, 9 0, 9 0, 9 0, 9 0, 9 0, 9 0, 9 0, 9 0, 9 0, 9 0, 9 0, 9 0, 9 0, 9 0, 9 0
47 0, 48 0, 10 1, 9 0, 9 0, 9 0, 9 0, 9 0, 9 0, 9 0, 10 1, 9 0, 9 0, 9 0, 9 0, 9 0, 9 0, 9 0, 9 0, 9 0, 9 0, 9 0, 9 0, 132 0, 133 0, 9 0, 134 0, 135 0, 136 0, 137 0, 9 0, 9 0, 9 0, 9 0, 9 0, 41 0, 138 0, 9 0, 9 0, 9 0, 9 0, 9 0, 9 0, 41 0, 138 0, 9 0, 9 0, 9 0, 9 0, 9 0, 9 0, 41 0, 138 0, 9 0, 9 0, 9 0, 9 0, 9 0, 9 0, 41 0, 138 0, 9 0, 9 0, 9 0, 9 0, 9 0, 9 0, 41 0, 138 0, 9 0, 9 0, 9 0, 9 0, 9 0, 9 0, 41 0, 138 0, 9 0, 9 0, 9 0, 9 0, 9 0, 9 0, 9 0, 9 0, 9 0, 9 0, 139 0, 140 0, 9 0, 134 0, 135 0, 136 0, 137 0, 9 0, 9 0, 9 0, 9 0, 9 0, 9 0, 9 0, 9 0, 9 0, 9 0, 9 0, 9 0, 9 0, 9 0, 9 0, 9 0, 9 0, 9 0, 9 0, 9 0, 9 0, 9 0, 9 0, 9 0, 9 0, 9 0, 9 0, 9 0, 9 0, 9 0, 9 0, 9 0, 9 0, 9 0
18 0, 19 0, 20 1, 9 0, 9 0, 9 0, 9 0, 9 0, 9 0, 9 0, 21 1, 9 0, 9 0, 9 0, 9 0, 9 0, 95 1, 95 1, 95 1, 95 1, 95 1, 95 1, 95 1, 95 1, 95 1, 95 1, 95 1, 95 1, 95 1, 95 1, 95 1, 95 1, 12 1, 141 1, 142 1, 13 1, 143 1, 141 1, 142 1, 13 1, 12 1, 141 1, 142 1, 13 1, 143 1, 141 1, 142 1, 13 1, 12 1, 141 1, 142 1, 13 1, 143 1, 141 1, 142 1, 13 1, 12 1, 141 1, 142 1, 13 1, 143 1, 141 1, 142 1, 13 1, 12 1, 141 1, 142 1, 13 1, 143 1, 141 1, 142 1, 13 1, 12 1, 141 1, 142 1, 13 1, 143 1, 141 1, 142 1, 13 1, 144 1, 144 1, 144 1, 13 1, 12 1, 141 1, 142 1, 145 1, 146 1, 141 1, 142 1, 13 1, 12 1, 141 1, 142 1, 13 1, 9 0, 9 0, 9 0, 9 0, 9 0, 9 0, 9 0, 9 0, 9 0, 9 0, 9 0, 9 0, 9 0, 9 0, 9 0, 9 0, 9 0, 9 0, 9 0, 9 0, 9 0, 9 0, 9 0, 9 0, 9 0, 9 0, 9 0, 9 0, 9 0, 9 0, 9 0, 9 0
29 0, 30 0, 31 1, 9 0, 9 0, 9 0, 9 0, 9 0, 9 0, 9 0, 31 1, 9 0, 9 0, 9 0, 9 0, 9 0, 147 1, 148 0, 149 0, 150 0, 147 0, 148 0, 149 0, 150 0, 147 0, 148 0, 149 0, 150 0, 147 0, 148 0, 149 0, 150 0, 12 0, 13 0, 12 0, 141 0, 142 0, 13 0, 12 0, 141 0, 142 0, 13 0, 12 0, 141 0, 142 0, 13 0, 12 0, 141 0, 142 0, 13 0, 12 0, 141 0, 142 0, 13 0, 12 0, 141 0, 142 0, 13 0, 12 0, 141 0, 142 0, 13 0, 12 0, 13 0, 12 0, 13 0, 12 0, 141 0, 142 0, 13 0, 12 0, 141 0, 142 0, 13 0, 12 0, 141 0, 142 0, 13 0, 12 0, 141 0, 3 0, 4 0, 1 0, 151 0, 142 0, 13 0, 12 0, 141 0, 142 0, 13 0, 12 0, 141 0, 142 0, 13 0, 12 0, 13 1, 9 0, 9 0, 9 0, 9 0, 9 0, 9 0, 9 0, 9 0, 9 0, 9 0, 9 0, 9 0, 9 0, 9 0, 9 0, 9 0, 9 0, 9 0, 9 0, 9 0, 9 0, 9 0, 9 0, 9 0, 9 0, 9 0, 9 0, 9 0, 9 0, 9 0, 9 0, 9 0
36 0, 30 0, 37 1, 9 0, 9 0, 9 0, 9 0, 9 0, 9 0, 9 0, 40 1, 9 0, 9 0, 9 0, 9 0, 9 0, 14 1, 16 0, 17 0, 15 0, 14 0, 16 0, 17 0, 15 0, 14 0, 16 0, 17 0, 15 0, 14 0, 16 0, 17 0, 15 0, 14 0, 16 0, 17 0, 15 0, 14 0, 16 0, 17 0, 15 0, 14 0, 16 0, 17 0, 15 0, 14 0, 16 0, 17 0, 15 0, 14 0, 16 0, 17 0, 15 0, 14 0, 16 0, 17 0, 15 0, 14 0, 16 0, 17 0, 15 0, 14 0, 16 0, 17 0, 15 0, 14 0, 16 0, 17 0, 15 0, 14 0, 16 0, 17 0, 15 0, 14 0, 16 0, 17 0, 15 0, 14 0, 16 0, 17 0, 15 0, 14 0, 16 0, 17 0, 15 0, 14 0, 16 0, 17 0, 15 0, 14 0, 16 0, 17 0, 15 0, 14 0, 16 0, 17 0, 15 1, 14 1, 16 1, 17 1, 15 1, 14 1, 16 1, 17 1, 15 1, 14 1, 16 1, 17 1, 15 1, 14 1, 16 1, 17 1, 15 1, 14 1, 16 1, 17 1, 15 1, 14 1, 16 1, 17 1, 15 1, 14 1, 16 1, 17 1, 15 1, 14 1, 16 1, 17 1, 15 1
47 0, 48 0, 10 1, 9 0, 9 0, 9 0, 9 0, 9 0, 9 0, 9 0, 10 1, 9 0, 9 0, 9 0, 9 0, 9 0, 14 1, 15 0, 14 0, 16 0, 17 0, 15 0, 14 0, 16 0, 17 0, 15 0, 14 0, 16 0, 17 0, 15 0, 14 0, 15 0, 14 0, 15 0, 14 0, 16 0, 17 0, 15 0, 14 0, 16 0, 17 0, 15 0, 14 0, 16 0, 17 0, 15 0, 14 0, 16 0, 17 0, 15 0, 14 0, 16 0, 17 0, 15 0, 14 0, 16 0, 17 0, 15 0, 14 0, 16 0, 17 0, 15 0, 14 0, 15 0, 14 0, 15 0, 14 0, 16 0, 17 0, 15 0, 14 0, 16 0, 17 0, 15 0, 14 0, 16 0, 17 0, 15 0, 14 0, 16 0, 17 0, 15 0, 14 0, 16 0, 17 0, 15 0, 14 0, 16 0, 17 0, 15 0, 14 0, 16 0, 17 0, 15 0, 14 0, 15 0, 14 0, 15 0, 14 0, 16 0, 17 0, 15 0, 14 0, 16 0, 17 0, 15 0, 14 0, 16 0, 17 0, 15 0, 14 0, 16 0, 17 0, 15 0, 14 0, 16 0, 17 0, 15 0, 14 0, 16 0, 17 0, 15 0, 14 0, 16 0, 17 0, 15 0, 14 0, 15 0
18 0, 19 0, 20 1, 9 0, 9 0, 9 0, 9 0, 9 0, 9 0, 108 1, 21 1, 9 0, 9 0, 9 0, 9 0, 152 1, 153 1, 26 1, 27 1, 28 1, 22 1, 23 1, 24 1, 25 1, 14 1, 26 1, 27 1, 28 1, 22 1, 23 1, 24 1, 25 1, 14 1, 26 1, 27 1, 28 1, 22 1, 23 1, 24 1, 25 1, 14 1, 26 1, 27 1, 28 1, 22 1, 23 1, 24 1, 25 1, 14 1, 26 1, 27 1, 28 1, 22 1, 23 1, 24 1, 25 1, 14 1, 26 1, 27 1, 28 1, 22 1, 23 1, 24 1, 25 1, 14 1, 26 1, 27 1, 28 1, 22 1, 23 1, 24 1, 25 1, 14 1, 26 1, 27 1, 28 1, 22 1, 23 1, 24 1, 25 1, 14 1, 26 1, 27 1, 28 1, 22 1, 23 1, 24 1, 25 1, 14 1, 26 1, 27 1, 28 1, 22 1, 23 1, 24 1, 25 1, 14 1, 26 1, 27 1, 28 1, 22 1, 23 1, 24 1, 25 1, 14 1, 26 1, 27 1, 28 1, 22 1, 23 1, 24 1, 25 1, 14 1, 26 1, 27 1, 28 1, 22 1, 23 1, 24 1, 25 1, 14 1, 26 1, 27 1, 28 1, 22 1, 23 1, 24 1, 25 1
29 0, 30 0, 31 1, 9 0, 9 0, 9 0, 9 0, 9 0, 9 0, 9 0, 31 1, 9 0, 9 0, 9 0, 9 0, 9 0, 9 0, 9 0, 9 0, 9 0, 9 0, 9 0, 9 0, 32 0, 33 0, 9 0, 9 0, 9 0, 9 0, 9 0, 9 0, 9 0, 9 0, 9 0, 9 0, 9 0, 9 0, 9 0, 9 0, 34 0, 35 0, 9 0, 9 0, 9 0, 9 0, 9 0, 9 0, 9 0, 9 0, 9 0, 9 0, 9 0, 9 0, 9 0, 9 0, 34 0, 35 0, 9 0, 9 0, 9 0, 9 0, 9 0, 9 0, 9 0, 9 0, 9 0, 9 0, 9 0, 9 0, 9 0, 9 0, 34 0, 35 0, 9 0, 9 0, 9 0, 9 0, 9 0, 9 0, 9 0, 9 0, 9 0, 9 0, 9 0, 9 0, 9 0, 9 0, 34 0, 35 0, 9 0, 9 0, 9 0, 9 0, 9 0, 9 0, 9 0, 9 0, 9 0, 9 0, 9 0, 9 0, 9 0, 9 0, 34 0, 35 0, 9 0, 9 0, 9 0, 9 0, 9 0, 9 0, 34 0, 35 0, 9 0, 9 0, 9 0, 9 0, 9 0, 9 0, 9 0, 9 0, 9 0, 9 0, 9 0, 9 0, 9 0, 9 0, 154 1
36 0, 30 0, 37 1, 9 0, 9 0, 9 0, 9 0, 9 0, 9 0, 9 0, 40 1, 9 0, 9 0, 9 0, 9 0, 9 0, 9 0, 9 0, 9 0, 9 0, 9 0, 9 0, 9 0, 41 0, 42 0, 9 0, 9 0, 9 0, 9 0, 9 0, 9 0, 9 0, 9 0, 9 0, 9 0, 9 0, 9 0, 9 0, 9 0, 9 0, 9 0, 9 0, 9 0, 9 0, 9 0, 9 0, 9 0, 9 0, 9 0, 9 0, 9 0, 9 0, 9 0, 9 0, 9 0, 9 0, 9 0, 9 0, 9 0, 9 0, 9 0, 9 0, 9 0, 9 0, 9 0, 9 0, 9 0, 9 0, 9 0, 9 0, 9 0, 155 0, 156 0, 9 0, 9 0, 9 0, 9 0, 9 0, 9 0, 9 0, 9 0, 9 0, 9 0, 9 0, 9 0, 9 0, 9 0, 155 0, 156 0, 9 0, 9 0, 9 0, 9 0, 9 0, 9 0, 9 0, 9 0, 9 0, 9 0, 9 0, 9 0, 9 0, 9 0, 155 0, 156 0, 9 0, 9 0, 9 0, 9 0, 9 0, 9 0, 155 0, 156 0, 9 0, 9 0, 9 0, 9 0, 9 0, 9 0, 9 0, 157 0, 9 0, 158 0, 9 0, 9 0, 9 0, 9 0, 159 1
47 0, 48 0, 10 1, 9 0, 9 0, 9 0, 9 0, 9 0, 9 0, 9 0, 10 1, 9 0, 9 0, 9 0, 9 0, 9 0, 9 0, 9 0, 9 0, 38 0, 39 0, 9 0, 9 0, 41 0, 53 0, 9 0, 9 0, 38 0, 39 0, 9 0, 9 0, 9 0, 9 0, 9 0, 9 0, 9 0, 9 0, 9 0, 9 0, 9 0, 9 0, 9 0, 9 0, 9 0, 9 0, 9 0, 9 0, 9 0, 9 0, 9 0, 9 0, 9 0, 9 0, 9 0, 9 0, 9 0, 9 0, 9 0, 9 0, 9 0, 9 0, 9 0, 9 0, 9 0, 9 0, 9 0, 9 0, 9 0, 9 0, 9 0, 9 0, 41 0, 53 0, 9 0, 9 0, 9 0, 9 0, 9 0, 9 0, 9 0, 9 0, 9 0, 9 0, 9 0, 9 0, 9 0, 9 0, 41 0, 53 0, 9 0, 9 0, 9 0, 9 0, 9 0, 9 0, 9 0, 9 0, 9 0, 9 0, 160 0, 161 0, 9 0, 9 0, 41 0, 53 0, 9 0, 9 0, 160 0, 161 0, 9 0, 9 0, 41 0, 53 0, 9 0, 9 0, 9 0, 9 0, 9 0, 9 0, 162 0, 163 0, 9 0, 164 0, 57 0, 9 0, 9 0, 9 0, 165 1
18 0, 61 0, 20 1, 87 1, 9 0, 9 0, 9 0, 9 0, 9 0, 9 0, 21 1, 9 0, 9 0, 9 0, 9 0, 9 0, 9 0, 9 0, 9 0, 51 0, 52 0, 9 0, 9 0, 41 0, 53 0, 9 0, 9 0, 51 0, 52 0, 9 0, 9 0, 9 0, 9 0, 9 0, 9 0, 9 0, 9 0, 9 0, 9 0, 9 0, 9 0, 9 0, 9 0, 9 0, 9 0, 9 0, 9 0, 9 0, 9 0, 9 0, 9 0, 9 0, 9 0, 9 0, 9 0, 9 0, 9 0, 9 0, 9 0, 9 0, 9 0, 9 0, 9 0, 9 0, 9 0, 9 0, 9 0, 9 0, 9 0, 9 0, 9 0, 41 0, 53 0, 9 0, 9 0, 9 0, 9 0, 9 0, 9 0, 49 0, 50 0, 9 0, 9 0, 9 0, 9 0, 9 0, 9 0, 41 0, 53 0, 9 0, 9 0, 9 0, 9 0, 9 0, 9 0, 9 0, 9 0, 9 0, 9 0, 166 0, 167 0, 9 0, 9 0, 41 0, 53 0, 9 0, 9 0, 166 0, 167 0, 9 0, 9 0, 41 0, 53 0, 9 0, 9 0, 9 0, 9 0, 9 0, 9 0, 168 0, 169 0, 9 0, 170 0, 67 0, 9 0, 9 0, 9 0, 171 1
29 0, 30 0, 31 1, 9 0, 9 0, 9 0, 9 0, 9 0, 9 0, 9 0, 31 1, 9 0, 9 0, 9 0, 9 0, 9 0, 9 0, 9 0, 9 0, 9 0, 9 0, 9 0, 9 0, 41 0, 53 0, 9 0, 9 0, 9 0, 9 0, 9 0, 9 0, 9 0, 9 0, 9 0, 9 0, 9 0, 9 0, 9 0, 9 0, 9 0, 9 0, 9 0, 9 0, 9 0, 9 0, 9 0, 9 0, 9 0, 9 0, 9 0, 9 0, 9 0, 9 0, 9 0, 9 0, 9 0, 9 0, 9 0, 9 0, 9 0, 9 0, 9 0, 9 0, 9 0, 9 0, 9 0, 9 0, 9 0, 9 0, 9 0, 9 0, 41 0, 53 0, 9 0, 9 0, 9 0, 9 0, 9 0, 9 0, 62 0, 63 0, 9 0, 9 0, 9 0, 9 0, 9 0, 9 0, 41 0, 53 0, 9 0, 9 0, 9 0, 9 0, 9 0, 9 0, 9 0, 9 0, 9 0, 9 0, 9 0, 9 0, 9 0, 9 0, 41 0, 53 0, 9 0, 9 0, 9 0, 9 0, 9 0, 9 0, 41 0, 53 0, 9 0, 9 0, 9 0, 9 0, 9 0, 9 0, 172 0, 173 0, 9 0, 174 0, 175 0, 9 0, 9 0, 9 0, 154 1
36 0, 30 0, 37 1, 9 0, 9 0, 9 0, 9 0, 9 0, 9 0, 9 0, 40 1, 12 1, 176 1, 9 0, 9 0, 9 0, 9 0, 9 0, 9 0, 9 0, 9 0, 9 0, 9 0, 41 0, 53 0, 9 0, 9 0, 9 0, 9 0, 9 0, 9 0, 9 0, 9 0, 9 0, 9 0, 9 0, 9 0, 9 0, 9 0, 9 0, 9 0, 9 0, 9 0, 9 0, 9 0, 9 0, 9 0, 9 0, 9 0, 9 0, 9 0, 9 0, 9 0, 9 0, 9 0, 9 0, 9 0, 9 0, 9 0, 9 0, 9 0, 9 0, 9 0, 9 0, 9 0, 9 0, 9 0, 9 0, 9 0, 9 0, 9 0, 41 0, 53 0, 9 0, 9 0, 9 0, 9 0, 9 0, 9 0, 69 0, 70 0, 9 0, 9 0, 9 0, 9 0, 9 0, 9 0, 41 0, 53 0, 9 0, 9 0, 9 0, 9 0, 9 0, 9 0, 9 0, 9 0, 9 0, 9 0, 9 0, 9 0, 9 0, 9 0, 41 0, 53 0, 9 0, 9 0, 9 0, 9 0, 9 0, 9 0, 41 0, 53 0, 9 0, 9 0, 9 0, 9 0, 9 0, 9 0, 9 0, 9 0, 9 0, 9 0, 9 0, 9 0, 9 0, 9 0, 159 1
47 0, 48 0, 10 1, 9 0, 9 0, 9 0, 9 0, 9 0, 9 0, 9 0, 10 1, 9 0, 9 0, 9 0, 9 0, 9 0, 9 0, 9 0, 9 0, 9 0, 9 0, 9 0, 9 0, 41 0, 53 0, 9 0, 9 0, 9 0, 9 0, 9 0, 9 0, 9 0, 9 0, 9 0, 9 0, 9 0, 9 0, 9 0, 9 0, 9 0, 9 0, 9 0, 9 0, 9 0, 9 0, 9 0, 9 0, 9 0, 9 0, 9 0, 9 0, 9 0, 9 0, 9 0, 9 0, 9 0, 9 0, 9 0, 9 0, 9 0, 9 0, 9 0, 9 0, 9 0, 9 0, 9 0, 9 0, 9 0, 9 0, 9 0, 9 0, 41 0, 53 0, 9 0, 9 0, 9 0, 9 0, 9 0, 9 0, 75 0, 76 0, 9 0, 9 0, 9 0, 9 0, 9 0, 9 0, 41 0, 53 0, 9 0, 9 0, 9 0, 9 0, 9 0, 9 0, 9 0, 9 0, 9 0, 9 0, 9 0, 9 0, 9 0, 9 0, 41 0, 53 0, 9 0, 9 0, 9 0, 9 0, 9 0, 177 3, 178 3, 178 3, 9 0, 9 0, 9 0, 9 0, 9 0, 9 0, 77 0, 179 0, 9 0, 180 0, 80 0, 9 0, 9 0, 9 0, 165 1
18 0, 19 0, 20 1, 9 0, 9 0, 9 0, 9 0, 9 0, 9 0, 9 0, 21 1, 9 0, 9 0, 9 0, 9 0, 9 0, 9 0, 9 0, 9 0, 9 0, 9 0, 9 0, 9 0, 41 0, 53 0, 9 0, 9 0, 9 0, 9 0, 9 0, 9 0, 9 0, 9 0, 9 0, 9 0, 9 0, 9 0, 9 0, 9 0, 9 0, 9 0, 9 0, 9 0, 9 0, 9 0, 9 0, 9 0, 9 0, 9 0, 9 0, 9 0, 9 0, 9 0, 9 0, 9 0, 9 0, 9 0, 9 0, 9 0, 9 0, 9 0, 9 0, 9 0, 9 0, 9 0, 9 0, 9 0, 9 0, 9 0, 9 0, 9 0, 41 0, 53 0, 9 0, 9 0, 9 0, 9 0, 9 0, 9 0, 81 0, 82 0, 9 0, 9 0, 9 0, 9 0, 9 0, 9 0, 41 0, 53 0, 9 0, 9 0, 9 0, 9 0, 9 0, 9 0, 9 0, 9 0, 9 0, 9 0, 9 0, 9 0, 9 0, 9 0, 41 0, 53 0, 9 0, 9 0, 9 0, 9 0, 9 0, 177 3, 178 3, 178 3, 181 3, 9 0, 9 0, 9 0, 9 0, 9 0, 83 0, 182 0, 9 0, 83 0, 86 0, 9 0, 9 0, 9 0, 171 1
29 0, 30 0, 31 1, 9 0, 9 0, 9 0, 9 0, 9 0, 9 0, 9 0, 31 1, 9 0, 9 0, 9 0, 9 0, 9 0, 9 0, 9 0, 9 0, 9 0, 9 0, 9 0, 9 0, 183 0, 184 0, 9 0, 9 0, 9 0, 9 0, 9 0, 9 0, 9 0, 9 0, 9 0, 9 0, 9 0, 9 0, 9 0, 9 0, 9 0, 9 0, 9 0, 9 0, 9 0, 9 0, 9 0, 9 0, 9 0, 9 0, 9 0, 9 0, 9 0, 9 0, 9 0, 9 0, 9 0, 9 0, 9 0, 9 0, 9 0, 9 0, 9 0, 9 0, 9 0, 9 0, 9 0, 9 0, 9 0, 9 0, 9 0, 9 0, 41 0, 53 0, 9 0, 9 0, 9 0, 9 0, 9 0, 9 0, 88 0, 185 0, 9 0, 9 0, 9 0, 9 0, 9 0, 9 0, 41 0, 53 0, 9 0, 9 0, 9 0, 9 0, 9 0, 9 0, 9 0, 9 0, 9 0, 9 0, 9 0, 9 0, 9 0, 9 0, 41 0, 53 0, 9 0, 9 0, 9 0, 9 0, 9 0, 177 3, 178 3, 178 3, 186 3, 181 3, 9 0, 9 0, 9 0, 9 0, 9 0, 9 0, 9 0, 9 0, 9 0, 9 0, 9 0, 9 0, 154 1
36 0, 30 0, 37 1, 9 0, 9 0, 9 0, 9 0, 9 0, 9 0, 108 1, 40 1, 9 0, 9 0, 9 0, 9 0, 9 0, 9 0, 9 0, 9 0, 9 0, 12 1, 141 1, 142 1, 13 1, 12 1, 141 1, 142 1, 13 1, 12 1, 141 1, 142 1, 13 1, 187 1, 188 1, 187 1, 188 1, 187 1, 188 1, 187 1, 188 1, 187 1, 188 1, 187 1, 188 1, 187 1, 188 1, 187 1, 188 1, 187 1, 188 1, 187 1, 188 1, 187 1, 188 1, 187 1, 188 1, 187 1, 188 1, 187 1, 188 1, 187 1, 188 1, 187 1, 188 1, 187 1, 188 1, 187 1, 189 1, 187 1, 188 1, 187 1, 189 1, 187 1, 188 1, 187 1, 189 1, 187 1, 188 1, 187 1, 189 1, 187 1, 188 1, 187 1, 189 1, 187 1, 188 1, 187 1, 189 1, 187 1, 188 1, 187 1, 189 1, 187 1, 188 1, 187 1, 189 1, 187 1, 188 1, 187 1, 189 1, 187 1, 188 1, 187 1, 189 1, 187 1, 188 1, 187 1, 189 1, 187 1, 188 1, 187 1, 189 2, 178 3, 190 3, 186 3, 181 3, 9 0, 9 0, 9 0, 9 0, 9 0, 9 0, 9 0, 9 0, 9 0, 9 0, 9 0, 159 1
47 0, 48 0, 10 1, 9 0, 9 0, 9 0, 9 0, 9 0, 9 0, 9 0, 10 1, 9 0, 9 0, 9 0, 9 0, 9 0, 9 0, 9 0, 9 0, 9 0, 12 1, 13 0, 12 0, 141 0, 142 0, 13 0, 12 0, 141 0, 142 0, 13 0, 12 0, 13 0, 9 0, 9 0, 9 0, 9 0, 9 0, 9 0, 9 0, 9 0, 9 0, 9 0, 9 0, 9 0, 9 0, 9 0, 9 0, 9 0, 9 0, 9 0, 9 0, 9 0, 9 0, 9 0, 9 0, 9 0, 9 0, 9 0, 9 0, 9 0, 9 0, 9 0, 9 0, 9 0, 40 1, 191 1, 192 1, 193 1, 194 1, 191 1, 192 1, 193 1, 194 1, 191 1, 192 1, 193 1, 194 1, 191 1, 192 1, 193 1, 194 1, 191 1, 192 1, 193 1, 194 1, 191 1, 192 1, 193 1, 194 1, 191 1, 192 1, 193 1, 194 1, 191 1, 192 1, 193 1, 194 1, 191 1, 192 1, 193 1, 194 0, 191 1, 192 1, 193 1, 194 1, 191 1, 192 1, 193 1, 194 1, 191 1, 192 1, 193 1, 178 2, 195 3, 190 3, 186 3, 181 3, 9 0, 9 0, 9 0, 9 0, 9 0, 9 0, 9 0, 9 0, 9 0, 9 0, 165 1
18 0, 61 0, 20 1, 9 0, 9 0, 9 0, 9 0, 9 0, 9 0, 9 0, 21 1, 9 0, 9 0, 9 0, 9 0, 9 0, 9 0, 9 0, 9 0, 9 0, 12 1, 141 0, 142 0, 13 0, 12 0, 141 0, 142 0, 13 0, 12 0, 141 0, 142 0, 13 0, 9 0, 9 0, 9 0, 9 0, 9 0, 9 0, 9 0, 9 0, 9 0, 9 0, 9 0, 9 0, 9 0, 9 0, 9 0, 9 0, 9 0, 9 0, 9 0, 9 0, 9 0, 9 0, 9 0, 9 0, 9 0, 9 0, 9 0, 9 0, 9 0, 9 0, 9 0, 9 0, 10 1, 9 0, 9 0, 9 0, 9 0, 9 0, 9 0, 9 0, 9 0, 9 0, 9 0, 9 0, 9 0, 9 0, 9 0, 9 0, 9 0, 9 0, 9 0, 196 0, 197 0, 9 0, 9 0, 9 0, 9 0, 9 0, 9 0, 196 0, 197 0, 9 0, 9 0, 9 0, 9 0, 9 0, 9 0, 9 0, 9 0, 9 0, 9 0, 9 0, 9 0, 9 0, 9 0, 9 0, 9 0, 9 0, 9 0, 9 0, 198 0, 199 2, 195 3, 190 3, 186 3, 181 3, 9 0, 9 0, 9 0, 9 0, 9 0, 9 0, 9 0, 9 0, 9 0, 171 1
29 0, 30 0, 31 1, 9 0, 9 0, 9 0, 9 0, 9 0, 9 0, 9 0, 31 1, 9 0, 9 0, 9 0, 9 0, 9 0, 9 0, 9 0, 9 0, 9 0, 200 1, 201 1, 9 0, 9 0, 9 0, 9 0, 9 0, 9 0, 9 0, 202 1, 203 1, 40 1, 9 0, 9 0, 9 0, 9 0, 9 0, 9 0, 9 0, 9 0, 9 0, 9 0, 9 0, 9 0, 9 0, 9 0, 9 0, 9 0, 9 0, 9 0, 9 0, 9 0, 9 0, 9 0, 9 0, 9 0, 9 0, 9 0, 9 0, 9 0, 9 0, 9 0, 9 0, 9 0, 21 1, 9 0, 9 0, 204 0, 205 0, 9 0, 9 0, 9 0, 9 0, 9 0, 9 0, 9 0, 9 0, 9 0, 9 0, 9 0, 9 0, 9 0, 9 0, 206 0, 207 0, 9 0, 9 0, 9 0, 9 0, 9 0, 9 0, 206 0, 207 0, 9 0, 9 0, 9 0, 9 0, 9 0, 9 0, 9 0, 9 0, 9 0, 9 0, 9 0, 9 0, 9 0, 9 0, 9 0, 9 0, 9 0, 9 0, 9 0, 9 0, 198 0, 199 2, 195 3, 190 3, 186 3, 181 3, 9 0, 9 0, 9 0, 9 0, 9 0, 9 0, 9 0, 9 0, 154 1
36 0, 30 0, 37 1, 87 1, 9 0, 9 0, 9 0, 9 0, 9 0, 9 0, 40 1, 9 0, 9 0, 9 0, 9 0, 9 0, 9 0, 9 0, 9 0, 9 0, 9 0, 9 0, 9 0, 9 0, 9 0, 9 0, 9 0, 9 0, 9 0, 9 0, 9 0, 10 1, 9 0, 9 0, 9 0, 9 0, 9 0, 9 0, 9 0, 9 0, 9 0, 9 0, 9 0, 9 0, 9 0, 9 0, 9 0, 9 0, 9 0, 9 0, 9 0, 9 0, 9 0, 9 0, 9 0, 9 0, 9 0, 9 0, 9 0, 9 0, 9 0, 9 0, 9 0, 9 0, 31 1, 9 0, 9 0, 208 0, 209 0, 9 0, 9 0, 9 0, 9 0, 9 0, 9 0, 9 0, 9 0, 9 0, 9 0, 9 0, 9 0, 9 0, 9 0, 210 0, 211 0, 9 0, 9 0, 9 0, 9 0, 9 0, 9 0, 210 0, 211 0, 9 0, 9 0, 9 0, 9 0, 9 0, 9 0, 9 0, 9 0, 9 0, 9 0, 9 0, 9 0, 38 0, 39 0, 9 0, 9 0, 9 0, 9 0, 9 0, 9 0, 9 0, 198 0, 199 2, 195 3, 190 3, 186 3, 181 3, 9 0, 9 0, 9 0, 9 0, 9 0, 9 0, 9 0, 159 1
47 0, 48 0, 10 1, 9 0, 9 0, 9 0, 9 0, 9 0, 9 0, 9 0, 10 1, 9 0, 9 0, 9 0, 9 0, 9 0, 9 0, 9 0, 9 0, 9 0, 9 0, 9 0, 9 0, 9 0, 9 0, 9 0, 9 0, 9 0, 9 0, 9 0, 9 0, 21 1, 9 0, 9 0, 9 0, 9 0, 9 0, 9 0, 9 0, 9 0, 9 0, 9 0, 9 0, 9 0, 9 0, 9 0, 9 0, 9 0, 9 0, 9 0, 9 0, 9 0, 9 0, 9 0, 9 0, 9 0, 9 0, 9 0, 9 0, 9 0, 9 0, 9 0, 9 0, 9 0, 40 1, 9 0, 9 0, 212 0, 213 0, 9 0, 9 0, 9 0, 9 0, 9 0, 9 0, 9 0, 9 0, 9 0, 9 0, 9 0, 9 0, 9 0, 9 0, 214 0, 215 0, 9 0, 9 0, 9 0, 9 0, 9 0, 9 0, 214 0, 215 0, 9 0, 9 0, 9 0, 9 0, 9 0, 9 0, 9 0, 9 0, 9 0, 9 0, 9 0, 9 0, 51 0, 52 0, 9 0, 9 0, 9 0, 9 0, 9 0, 9 0, 9 0, 9 0, 198 0, 199 2, 195 3, 190 3, 186 3, 181 3, 9 0, 9 0, 9 0, 9 0, 9 0, 9 0, 165 1
18 0, 19 0, 20 1, 9 0, 9 0, 9 0, 9 0, 9 0, 9 0, 9 0, 21 1, 9 0, 9 0, 9 0, 9 0, 9 0, 9 0, 9 0, 9 0, 9 0, 9 0, 9 0, 9 0, 9 0, 9 0, 9 0, 9 0, 9 0, 9 0, 9 0, 9 0, 31 1, 9 0, 9 0, 9 0, 9 0, 9 0, 9 0, 9 0, 9 0, 9 0, 9 0, 9 0, 9 0, 9 0, 9 0, 9 0, 9 0, 9 0, 9 0, 9 0, 9 0, 9 0, 9 0, 9 0, 9 0, 9 0, 9 0, 9 0, 9 0, 9 0, 9 0, 9 0, 9 0, 10 1, 9 0, 9 0, 9 0, 9 0, 9 0, 9 0, 9 0, 9 0, 9 0, 9 0, 9 0, 9 0, 9 0, 9 0, 9 0, 9 0, 9 0, 9 0, 216 0, 217 0, 9 0, 9 0, 9 0, 9 0, 9 0, 9 0, 216 0, 217 0, 9 0, 9 0, 9 0, 9 0, 9 0, 9 0, 9 0, 9 0, 9 0, 9 0, 9 0, 9 0, 9 0, 9 0, 9 0, 9 0, 9 0, 9 0, 9 0, 9 0, 9 0, 9 0, 9 0, 198 0, 199 2, 195 3, 190 3, 186 3, 181 3, 9 0, 9 0, 9 0, 9 0, 9 0, 171 1
29 0, 30 0, 31 1, 9 0, 9 0, 9 0, 9 0, 9 0, 9 0, 9 0, 31 1, 9 0, 9 0, 9 0, 9 0, 9 0, 9 0, 9 0, 9 0, 9 0, 9 0, 9 0, 9 0, 9 0, 9 0, 9 0, 9 0, 9 0, 9 0, 9 0, 9 0, 40 1, 9 0, 9 0, 9 0, 9 0, 9 0, 9 0, 9 0, 9 0, 9 0, 9 0, 9 0, 9 0, 9 0, 9 0, 9 0, 9 0, 9 0, 9 0, 9 0, 9 0, 9 0, 9 0, 9 0, 9 0, 9 0, 9 0, 9 0, 9 0, 9 0, 9 0, 9 0, 9 0, 40 1, 9 0, 9 0, 9 0, 9 0, 9 0, 9 0, 9 0, 9 0, 9 0, 9 0, 9 0, 9 0, 9 0, 9 0, 9 0, 9 0, 9 0, 9 0, 9 0, 9 0, 9 0, 9 0, 9 0, 9 0, 9 0, 9 0, 9 0, 9 0, 9 0, 9 0, 9 0, 9 0, 9 0, 9 0, 9 0, 9 0, 9 0, 9 0, 9 0, 9 0, 9 0, 9 0, 9 0, 9 0, 9 0, 9 0, 9 0, 9 0, 9 0, 9 0, 9 0, 9 0, 198 0, 199 2, 195 3, 190 3, 186 3, 178 3, 178 3, 177 3, 9 0, 9 0, 154 1
36 0, 30 0, 37 1, 9 0, 9 0, 9 0, 9 0, 9 0, 9 0, 9 0, 40 1, 9 0, 9 0, 9 0, 9 0, 9 0, 9 0, 9 0, 9 0, 9 0, 9 0, 9 0, 9 0, 9 0, 9 0, 9 0, 9 0, 9 0, 9 0, 9 0, 9 0, 10 1, 9 0, 9 0, 9 0, 9 0, 9 0, 9 0, 9 0, 9 0, 9 0, 9 0, 9 0, 9 0, 9 0, 9 0, 9 0, 9 0, 9 0, 9 0, 9 0, 9 0, 9 0, 9 0, 9 0, 9 0, 9 0, 9 0, 9 0, 9 0, 9 0, 9 0, 9 0, 9 0, 10 1, 9 0, 9 0, 9 0, 9 0, 9 0, 9 0, 9 0, 9 0, 9 0, 9 0, 9 0, 9 0, 9 0, 9 0, 9 0, 9 0, 9 0, 9 0, 9 0, 9 0, 9 0, 9 0, 9 0, 9 0, 9 0, 9 0, 9 0, 9 0, 9 0, 9 0, 9 0, 9 0, 9 0, 9 0, 9 0, 9 0, 9 0, 9 0, 9 0, 9 0, 9 0, 9 0, 9 0, 9 0, 9 0, 9 0, 9 0, 9 0, 9 0, 9 0, 9 0, 9 0, 9 0, 198 0, 199 2, 195 3, 190 3, 178 3, 178 3, 218 3, 9 0, 9 0, 159 1
47 0, 48 0, 10 1, 9 0, 9 0, 9 0, 9 0, 9 0, 9 0, 9 0, 10 1, 9 0, 9 0, 9 0, 9 0, 9 0, 9 0, 9 0, 9 0, 9 0, 9 0, 9 0, 9 0, 9 0, 9 0, 9 0, 9 0, 9 0, 9 0, 9 0, 9 0, 21 1, 9 0, 9 0, 9 0, 9 0, 9 0, 9 0, 9 0, 9 0, 9 0, 9 0, 9 0, 9 0, 9 0, 9 0, 9 0, 9 0, 9 0, 9 0, 9 0, 9 0, 9 0, 9 0, 9 0, 9 0, 9 0, 9 0, 9 0, 9 0, 9 0, 9 0, 9 0, 9 0, 21 1, 9 0, 126 1, 127 1, 128 1, 129 1, 9 0, 9 0, 9 0, 9 0, 9 0, 9 0, 9 0, 9 0, 9 0, 9 0, 9 0, 9 0, 9 0, 9 0, 9 0, 9 0, 9 0, 9 0, 9 0, 9 0, 9 0, 9 0, 9 0, 9 0, 9 0, 9 0, 9 0, 9 0, 9 0, 9 0, 9 0, 9 0, 9 0, 9 0, 9 0, 9 0, 9 0, 9 0, 9 0, 9 0, 9 0, 9 0, 9 0, 9 0, 9 0, 9 0, 9 0, 9 0, 9 0, 198 0, 199 2, 195 3, 178 3, 178 3, 219 3, 9 0, 9 0, 165 1
18 0, 19 0, 20 1, 9 0, 9 0, 9 0, 9 0, 9 0, 9 0, 108 1, 21 1, 9 0, 9 0, 9 0, 9 0, 9 0, 9 0, 9 0, 9 0, 9 0, 9 0, 9 0, 9 0, 9 0, 9 0, 9 0, 9 0, 9 0, 9 0, 9 0, 9 0, 220 1, 9 0, 9 0, 9 0, 9 0, 9 0, 9 0, 9 0, 9 0, 9 0, 9 0, 9 0, 9 0, 9 0, 9 0, 9 0, 9 0, 9 0, 9 0, 9 0, 9 0, 9 0, 9 0, 9 0, 9 0, 9 0, 9 0, 9 0, 9 0, 9 0, 9 0, 9 0, 9 0, 220 1, 9 0, 134 1, 135 0, 136 0, 137 1, 9 0, 9 0, 9 0, 9 0, 9 0, 9 0, 9 0, 9 0, 9 0, 9 0, 9 0, 9 0, 9 0, 9 0, 9 0, 9 0, 9 0, 9 0, 9 0, 9 0, 9 0, 9 0, 9 0, 9 0, 9 0, 9 0, 9 0, 9 0, 9 0, 9 0, 9 0, 9 0, 9 0, 9 0, 9 0, 9 0, 9 0, 9 0, 9 0, 9 0, 9 0, 9 0, 9 0, 9 0, 9 0, 9 0, 9 0, 9 0, 9 0, 9 0, 198 0, 199 2, 178 3, 178 3, 177 3, 9 0, 9 0, 221 1
29 0, 30 0, 31 1, 9 0, 9 0, 9 0, 9 0, 9 0, 9 0, 9 0, 5 1, 222 1, 17 1, 15 1, 14 1, 16 1, 17 1, 15 1, 14 1, 16 1, 17 1, 15 1, 14 1, 16 1, 17 1, 15 1, 14 1, 16 1, 17 1, 15 1, 14 1, 8 1, 9 0, 9 0, 9 0, 9 0, 9 0, 9 0, 9 0, 9 0, 9 0, 9 0, 9 0, 9 0, 9 0, 9 0, 9 0, 9 0, 9 0, 9 0, 9 0, 9 0, 9 0, 9 0, 9 0, 9 0, 9 0, 9 0, 9 0, 9 0, 9 0, 9 0, 9 0, 9 0, 223 1, 224 1, 225 1, 226 1, 227 1, 224 1, 225 1, 226 1, 227 1, 224 1, 9 0, 9 0, 9 0, 9 0, 9 0, 9 0, 225 1, 226 1, 227 1, 224 1, 225 1, 226 1, 227 1, 224 1, 225 1, 226 1, 227 1, 224 1, 225 1, 226 1, 227 1, 224 1, 95 1, 95 1, 95 1, 95 1, 95 1, 95 1, 95 1, 95 1, 95 1, 95 1, 95 1, 95 1, 95 1, 95 1, 95 1, 95 1, 95 1, 95 1, 95 1, 95 1, 95 1, 95 1, 95 1, 95 1, 95 1, 95 1, 95 1, 95 1, 95 1, 95 1, 95 1, 95 1
36 0, 228 0, 37 1, 9 0, 9 0, 9 0, 9 0, 9 0, 9 0, 9 0, 12 1, 13 1, 12 1, 141 1, 142 1, 13 1, 12 1, 141 1, 142 1, 13 1, 12 1, 141 1, 142 1, 13 1, 12 1, 141 1, 142 1, 13 1, 12 1, 141 1, 142 1, 13 1, 12 1, 141 1, 142 1, 13 1, 12 1, 141 1, 142 1, 13 1, 12 1, 141 1, 142 1, 13 1, 12 1, 141 1, 142 1, 13 1, 12 1, 141 1, 142 1, 13 1, 12 1, 141 1, 142 1, 13 1, 12 1, 141 1, 142 1, 13 1, 12 1, 141 1, 142 1, 13 1, 12 1, 141 1, 142 1, 13 1, 12 1, 141 1, 142 1, 13 1, 12 1, 13 1, 9 0, 9 0, 9 0, 9 0, 9 0, 9 0, 12 1, 141 1, 142 1, 13 1, 12 1, 141 1, 142 1, 13 1, 12 1, 141 1, 142 1, 13 1, 12 1, 141 1, 142 1, 13 1, 1 1, 2 1, 3 1, 4 1, 1 1, 2 1, 3 1, 4 1, 1 1, 2 1, 3 1, 4 1, 1 1, 2 1, 3 1, 4 1, 1 1, 2 1, 3 1, 4 1, 1 1, 2 1, 3 1, 4 1, 1 1, 2 1, 3 1, 4 1, 1 1, 2 1, 3 1, 4 1
47 0, 229 0, 10 1, 9 0, 9 0, 9 0, 9 0, 9 0, 9 0, 9 0, 230 0, 231 0, 232 0, 233 0, 9 0, 9 0, 9 0, 9 0, 9 0, 9 0, 9 0, 9 0, 9 0, 9 0, 9 0, 9 0, 9 0, 9 0, 9 0, 9 0, 9 0, 9 0, 9 0, 9 0, 230 0, 231 0, 232 0, 233 0, 9 0, 9 0, 9 0, 9 0, 9 0, 9 0, 9 0, 9 0, 9 0, 9 0, 9 0, 9 0, 9 0, 9 0, 9 0, 9 0, 9 0, 9 0, 9 0, 9 0, 230 0, 231 0, 232 0, 233 0, 9 0, 9 0, 9 0, 9 0, 9 0, 9 0, 9 0, 9 0, 9 0, 9 0, 9 0, 9 1, 9 0, 9 0, 9 0, 9 0, 9 0, 9 0, 9 0, 9 0, 230 0, 231 0, 232 0, 233 0, 9 0, 9 0, 9 0, 9 0, 9 0, 9 0, 9 0, 9 0, 9 0, 9 0, 9 0, 9 0, 9 0, 9 0, 9 0, 9 0, 9 0, 9 0, 9 0, 9 0, 9 0, 9 0, 9 0, 9 0, 9 0, 9 0, 9 0, 9 0, 9 0, 9 0, 9 0, 9 0, 9 0, 9 0, 9 0, 32 0, 33 0, 9 0, 9 0, 9 0, 9 0, 234 1
18 0, 235 0, 20 1, 87 1, 9 0, 9 0, 9 0, 9 0, 9 0, 9 0, 236 0, 231 0, 237 0, 238 0, 9 0, 9 0, 9 0, 9 0, 9 0, 9 0, 9 0, 9 0, 9 0, 9 0, 9 0, 9 0, 9 0, 9 0, 9 0, 9 0, 9 0, 9 0, 9 0, 9 0, 236 0, 231 0, 237 0, 238 0, 9 0, 9 0, 9 0, 9 0, 9 0, 9 0, 9 0, 9 0, 9 0, 9 0, 9 0, 9 0, 9 0, 9 0, 9 0, 9 0, 9 0, 9 0, 9 0, 9 0, 236 0, 231 0, 237 0, 238 0, 9 0, 9 0, 9 0, 9 0, 9 0, 9 0, 9 0, 9 0, 9 0, 9 0, 9 0, 9 1, 9 0, 9 0, 9 0, 9 0, 9 0, 9 0, 9 0, 9 0, 236 0, 231 0, 237 0, 238 0, 9 0, 9 0, 9 0, 9 0, 9 0, 9 0, 9 0, 9 0, 9 0, 9 0, 9 0, 9 0, 9 0, 9 0, 9 0, 9 0, 9 0, 9 0, 9 0, 9 0, 9 0, 9 0, 9 0, 9 0, 9 0, 9 0, 9 0, 9 0, 9 0, 9 0, 9 0, 9 0, 9 0, 9 0, 9 0, 239 0, 240 0, 9 0, 9 0, 9 0, 9 0, 10 1
29 0, 228 0, 31 1, 9 0, 9 0, 9 0, 9 0, 9 0, 9 0, 9 0, 9 0, 241 0, 242 0, 9 0, 9 0, 9 0, 9 0, 9 0, 9 0, 9 0, 9 0, 9 0, 9 0, 9 0, 9 0, 9 0, 9 0, 9 0, 9 0, 9 0, 9 0, 9 0, 9 0, 9 0, 9 0, 241 0, 242 0, 9 0, 9 0, 9 0, 9 0, 9 0, 9 0, 9 0, 9 0, 9 0, 9 0, 9 0, 9 0, 9 0, 9 0, 9 0, 9 0, 9 0, 9 0, 9 0, 9 0, 9 0, 9 0, 241 0, 242 0, 9 0, 9 0, 9 0, 9 0, 9 0, 9 0, 9 0, 9 0, 9 0, 9 0, 9 0, 243 0, 50 1, 243 1, 50 1, 9 0, 9 0, 9 0, 9 0, 9 0, 9 0, 9 0, 241 0, 242 0, 9 0, 9 0, 9 0, 9 0, 9 0, 9 0, 9 0, 9 0, 9 0, 9 0, 9 0, 9 0, 9 0, 9 0, 9 0, 9 0, 9 0, 9 0, 49 0, 50 0, 9 0, 9 0, 9 0, 9 0, 9 0, 9 0, 9 0, 9 0, 9 0, 9 0, 9 0, 9 0, 9 0, 9 0, 9 0, 9 0, 239 0, 240 0, 9 0, 9 0, 9 0, 9 0, 244 1
36 0, 228 0, 37 1, 9 0, 9 0, 9 0, 9 0, 9 0, 9 0, 9 0, 9 0, 241 0, 242 0, 9 0, 9 0, 9 0, 9 0, 9 0, 9 0, 9 0, 9 0, 9 0, 9 0, 9 0, 9 0, 9 0, 9 0, 9 0, 9 0, 9 0, 9 0, 9 0, 9 0, 9 0, 9 0, 241 0, 242 0, 9 0, 9 0, 9 0, 9 0, 9 0, 9 0, 9 0, 9 0, 9 0, 9 0, 9 0, 9 0, 9 0, 9 0, 9 0, 9 0, 9 0, 9 0, 9 0, 9 0, 9 0, 9 0, 241 0, 242 0, 9 0, 9 0, 9 0, 9 0, 9 0, 9 0, 9 0, 9 0, 9 0, 9 0, 9 0, 245 0, 63 0, 245 0, 63 1, 9 0, 9 0, 9 0, 9 0, 9 0, 9 0, 9 0, 241 0, 242 0, 9 0, 9 0, 9 0, 9 0, 9 0, 9 0, 9 0, 9 0, 9 0, 9 0, 9 0, 9 0, 9 0, 9 0, 9 0, 9 0, 9 0, 9 0, 62 0, 63 0, 9 0, 9 0, 9 0, 9 0, 9 0, 9 0, 9 0, 9 0, 9 0, 9 0, 9 0, 9 0, 9 0, 9 0, 9 0, 9 0, 239 0, 240 0, 9 0, 9 0, 9 0, 9 0, 31 1
47 0, 229 0, 10 1, 9 0, 9 0, 9 0, 9 0, 9 0, 9 0, 9 0, 9 0, 241 0, 242 0, 9 0, 9 0, 9 0, 9 0, 9 0, 9 0, 9 0, 196 0, 197 0, 9 0, 9 0, 9 0, 9 0, 196 0, 197 0, 9 0, 9 0, 9 0, 9 0, 9 0, 9 0, 9 0, 241 0, 242 0, 9 0, 9 0, 9 0, 9 0, 196 0, 197 0, 9 0, 9 0, 9 0, 9 0, 196 0, 197 0, 9 0, 9 0, 9 0, 9 0, 196 0, 197 0, 9 0, 9 0, 9 0, 9 0, 241 0, 242 0, 9 0, 9 0, 9 0, 9 0, 9 0, 9 0, 9 0, 9 0, 9 0, 9 0, 9 0, 246 0, 70 0, 246 0, 70 1, 9 0, 9 0, 9 0, 9 0, 9 0, 9 0, 9 0, 241 0, 242 0, 9 0, 9 0, 9 0, 9 0, 9 0, 9 0, 9 0, 9 0, 9 0, 9 0, 9 0, 9 0, 9 0, 9 0, 9 0, 9 0, 9 0, 9 0, 69 0, 70 0, 9 0, 9 0, 9 0, 9 0, 9 0, 9 0, 9 0, 9 0, 9 0, 9 0, 9 0, 9 0, 9 0, 9 0, 9 0, 9 0, 239 0, 240 0, 9 0, 9 0, 9 0, 9 0, 234 1
18 0, 235 0, 20 1, 9 0, 9 0, 9 0, 9 0, 9 0, 9 0, 9 0, 9 0, 241 0, 242 0, 9 0, 9 0, 9 0, 9 0, 9 0, 9 0, 9 0, 206 0, 207 0, 9 0, 9 0, 9 0, 9 0, 206 0, 207 0, 9 0, 9 0, 9 0, 9 0, 9 0, 9 0, 9 0, 241 0, 242 0, 9 0, 9 0, 9 0, 9 0, 206 0, 207 0, 9 0, 9 0, 9 0, 9 0, 206 0, 207 0, 9 0, 9 0, 9 0, 9 0, 206 0, 207 0, 9 0, 9 0, 9 0, 9 0, 241 0, 242 0, 9 0, 9 0, 9 0, 9 0, 9 0, 9 0, 9 0, 9 0, 9 0, 9 0, 9 0, 247 0, 76 0, 247 0, 76 1, 9 0, 9 0, 9 0, 9 0, 9 0, 9 0, 9 0, 241 0, 242 0, 9 0, 9 0, 9 0, 9 0, 9 0, 9 0, 9 0, 9 0, 9 0, 9 0, 9 0, 9 0, 9 0, 9 0, 9 0, 9 0, 9 0, 9 0, 75 0, 76 0, 9 0, 9 0, 9 0, 9 0, 9 0, 9 0, 241 3, 241 3, 9 0, 9 0, 9 0, 9 0, 9 0, 9 0, 9 0, 9 0, 239 0, 240 0, 9 0, 9 0, 9 0, 9 0, 10 1
29 0, 228 0, 31 1, 9 0, 9 0, 9 0, 9 0, 9 0, 9 0, 9 0, 230 1, 231 1, 248 1, 233 1, 9 0, 9 0, 9 0, 9 0, 9 0, 9 0, 210 0, 211 0, 9 0, 9 0, 9 0, 9 0, 210 0, 211 0, 9 0, 9 0, 9 0, 9 0, 9 0, 9 0, 230 0, 231 0, 248 0, 233 0, 9 0, 9 0, 9 0, 210 0, 211 0, 9 0, 9 0, 9 0, 9 0, 210 0, 211 0, 9 0, 9 0, 9 0, 9 0, 210 0, 211 0, 9 0, 9 0, 9 0, 230 0, 231 0, 248 0, 233 0, 9 0, 9 0, 9 0, 9 0, 9 0, 9 0, 9 0, 9 0, 9 0, 9 0, 249 0, 82 0, 249 0, 82 1, 250 1, 251 1, 252 1, 253 1, 254 0, 9 0, 230 0, 231 0, 248 0, 233 0, 9 0, 9 0, 9 0, 9 0, 9 0, 9 0, 9 0, 9 0, 9 0, 9 0, 9 0, 9 0, 9 0, 9 0, 9 0, 9 0, 9 0, 81 0, 82 0, 9 0, 9 0, 9 0, 9 0, 9 0, 9 0, 241 3, 241 3, 255 3, 9 0, 9 0, 9 0, 9 0, 9 0, 9 0, 9 0, 106 0, 107 0, 9 0, 9 0, 9 0, 9 0, 244 1
36 0, 228 0, 37 1, 9 0, 9 0, 9 0, 9 0, 9 0, 9 0, 9 0, 236 1, 231 1, 237 1, 238 1, 9 0, 9 0, 9 0, 9 0, 9 0, 9 0, 214 0, 215 0, 9 0, 9 0, 9 0, 9 0, 214 0, 215 0, 9 0, 9 0, 9 0, 9 0, 9 0, 9 0, 236 0, 231 0, 237 0, 238 0, 9 0, 9 0, 9 0, 214 0, 215 0, 9 0, 9 0, 9 0, 9 0, 214 0, 215 0, 9 0, 9 0, 9 0, 9 0, 214 0, 215 0, 9 0, 9 0, 9 0, 236 0, 231 0, 237 0, 238 0, 9 0, 9 0, 9 0, 9 0, 9 0, 9 0, 9 0, 9 0, 9 0, 9 0, 256 0, 89 0, 256 0, 89 1, 257 1, 258 0, 259 0, 260 1, 9 0, 9 0, 236 0, 231 0, 237 0, 238 0, 9 0, 9 0, 9 0, 9 0, 9 0, 9 0, 9 0, 9 0, 9 0, 9 0, 9 0, 9 0, 9 0, 9 0, 9 0, 9 0, 9 0, 88 0, 89 0, 9 0, 9 0, 9 0, 9 0, 9 0, 9 0, 241 3, 241 3, 261 3, 255 3, 9 0, 9 0, 9 0, 9 0, 9 0, 97 0, 98 0, 99 0, 100 0, 9 0, 9 0, 9 0, 31 1
47 0, 229 0, 10 1, 9 0, 9 0, 9 0, 9 0, 9 0, 9 0, 9 0, 9 0, 241 0, 242 0, 9 0, 9 0, 9 0, 9 0, 9 0, 9 0, 9 0, 216 0, 217 0, 9 0, 9 0, 9 0, 9 0, 216 0, 217 0, 9 0, 9 0, 9 0, 9 0, 9 0, 9 0, 9 0, 241 0, 242 0, 9 0, 9 0, 9 0, 9 0, 216 0, 217 0, 9 0, 9 0, 9 0, 9 0, 216 0, 217 0, 9 0, 9 0, 9 0, 9 0, 216 0, 217 0, 9 0, 9 0, 9 0, 9 0, 241 0, 242 0, 9 0, 9 0, 9 0, 9 0, 9 0, 9 0, 9 0, 9 0, 9 0, 9 0, 9 0, 1 1, 262 1, 142 1, 13 1, 12 1, 141 1, 142 1, 13 1, 12 1, 141 1, 263 1, 4 1, 1 1, 264 1, 142 1, 13 1, 12 1, 141 1, 142 1, 13 1, 12 1, 141 1, 142 1, 13 1, 12 1, 13 1, 12 1, 141 1, 142 1, 13 1, 12 1, 265 1, 266 1, 13 1, 12 1, 141 1, 142 1, 13 1, 12 1, 4 2, 241 3, 267 3, 261 3, 255 3, 9 0, 9 0, 9 0, 9 0, 102 0, 103 0, 104 0, 105 0, 9 0, 9 0, 9 0, 234 1
18 0, 235 0, 20 1, 9 0, 9 0, 9 0, 9 0, 9 0, 9 0, 9 0, 9 0, 241 0, 242 0, 9 0, 9 0, 9 0, 9 0, 9 0, 9 0, 9 0, 9 0, 9 0, 9 0, 9 0, 9 0, 9 0, 9 0, 9 0, 9 0, 9 0, 9 0, 9 0, 9 0, 9 0, 9 0, 241 0, 242 0, 9 0, 9 0, 9 0, 9 0, 9 0, 9 0, 9 0, 9 0, 9 0, 9 0, 9 0, 9 0, 9 0, 9 0, 9 0, 9 0, 9 0, 9 0, 9 0, 9 0, 9 0, 9 0, 241 0, 242 0, 9 0, 9 0, 9 0, 9 0, 9 0, 9 0, 9 0, 9 0, 9 0, 9 0, 9 0, 12 1, 13 1, 12 1, 141 1, 142 1, 13 1, 12 1, 141 1, 142 1, 13 1, 12 1, 141 1, 142 1, 13 1, 12 1, 141 1, 142 1, 13 1, 12 1, 141 1, 142 1, 13 1, 12 1, 13 1, 12 1, 141 1, 142 1, 13 1, 12 1, 141 1, 142 1, 13 1, 12 1, 141 1, 142 1, 13 1, 12 1, 141 1, 142 1, 13 1, 241 2, 268 3, 267 3, 261 3, 255 3, 9 0, 9 0, 9 0, 9 0, 9 0, 9 0, 9 0, 9 0, 9 0, 9 0, 10 1
29 0, 228 0, 31 1, 9 0, 9 0, 9 0, 9 0, 9 0, 9 0, 9 0, 9 0, 241 0, 242 0, 9 0, 9 0, 9 0, 9 0, 9 0, 9 0, 9 0, 9 0, 9 0, 9 0, 9 0, 9 0, 9 0, 9 0, 9 0, 9 0, 9 0, 9 0, 9 0, 9 0, 9 0, 9 0, 241 0, 242 0, 9 0, 9 0, 9 0, 9 0, 9 0, 9 0, 9 0, 9 0, 9 0, 9 0, 9 0, 9 0, 9 0, 9 0, 9 0, 9 0, 9 0, 9 0, 9 0, 9 0, 9 0, 9 0, 241 0, 242 0, 9 0, 9 0, 9 0, 9 0, 9 0, 9 0, 9 0, 9 0, 9 0, 9 0, 9 0, 9 0, 269 0, 270 0, 9 0, 9 0, 9 0, 9 0, 9 0, 9 0, 9 0, 236 0, 231 0, 237 0, 271 0, 9 0, 9 0, 9 0, 9 0, 9 0, 9 0, 9 0, 9 0, 9 0, 9 0, 9 0, 9 0, 9 0, 9 0, 9 0, 9 0, 9 0, 9 0, 9 0, 9 0, 236 0, 231 0, 237 0, 271 0, 9 0, 9 0, 272 0, 273 2, 268 3, 267 3, 261 3, 255 3, 9 0, 9 0, 9 0, 9 0, 9 0, 9 0, 9 0, 9 0, 9 0, 244 1
36 0, 228 0, 37 1, 87 1, 9 0, 9 0, 9 0, 9 0, 9 0, 9 0, 9 0, 241 0, 242 0, 9 0, 9 0, 9 0, 9 0, 9 0, 9 0, 9 0, 9 0, 9 0, 9 0, 9 0, 9 0, 9 0, 9 0, 9 0, 9 0, 9 0, 9 0, 9 0, 9 0, 9 0, 9 0, 241 0, 242 0, 9 0, 9 0, 9 0, 9 0, 9 0, 9 0, 9 0, 9 0, 9 0, 9 0, 38 0, 39 0, 9 0, 9 0, 9 0, 9 0, 9 0, 9 0, 9 0, 9 0, 9 0, 9 0, 241 0, 242 0, 9 0, 9 0, 9 0, 9 0, 9 0, 9 0, 9 0, 9 0, 9 0, 9 0, 9 0, 9 0, 239 0, 240 0, 9 0, 9 0, 9 0, 9 0, 9 0, 9 0, 9 0, 9 0, 241 0, 242 0, 9 0, 9 0, 9 0, 9 0, 9 0, 9 0, 9 0, 9 0, 9 0, 9 0, 9 0, 9 0, 9 0, 9 0, 9 0, 9 0, 9 0, 9 0, 9 0, 9 0, 9 0, 9 0, 241 0, 242 0, 9 0, 9 0, 9 0, 9 0, 272 0, 273 2, 268 3, 267 3, 261 3, 255 3, 9 0, 9 0, 9 0, 9 0, 9 0, 9 0, 9 0, 9 0, 31 1
47 0, 229 0, 10 1, 9 0, 9 0, 9 0, 9 0, 9 0, 9 0, 9 0, 9 0, 241 0, 242 0, 9 0, 9 0, 9 0, 9 0, 9 0, 9 0, 9 0, 9 0, 9 0, 9 0, 9 0, 9 0, 9 0, 9 0, 9 0, 9 0, 9 0, 9 0, 9 0, 9 0, 9 0, 9 0, 241 0, 242 0, 9 0, 9 0, 9 0, 9 0, 9 0, 9 0, 9 0, 9 0, 9 0, 9 0, 51 0, 52 0, 9 0, 9 0, 9 0, 9 0, 9 0, 9 0, 9 0, 9 0, 9 0, 9 0, 241 0, 242 0, 9 0, 9 0, 9 0, 9 0, 9 0, 9 0, 9 0, 9 0, 9 0, 9 0, 9 0, 9 0, 239 0, 240 0, 9 0, 9 0, 9 0, 9 0, 9 0, 9 0, 9 0, 9 0, 241 0, 242 0, 9 0, 9 0, 9 0, 9 0, 9 0, 9 0, 9 0, 9 0, 9 0, 9 0, 9 0, 9 0, 9 0, 9 0, 9 0, 9 0, 9 0, 9 0, 9 0, 9 0, 9 0, 9 0, 241 0, 242 0, 9 0, 9 0, 9 0, 9 0, 9 0, 272 0, 273 2, 268 3, 267 3, 261 3, 255 3, 9 0, 9 0, 9 0, 9 0, 9 0, 9 0, 9 0, 234 1
18 0, 235 0, 20 1, 9 0, 9 0, 9 0, 9 0, 9 0, 9 0, 9 0, 230 1, 231 1, 248 1, 233 1, 9 0, 9 0, 9 0, 9 0, 9 0, 9 0, 9 0, 9 0, 9 0, 9 0, 9 0, 9 0, 9 0, 9 0, 9 0, 9 0, 9 0, 9 0, 9 0, 9 0, 230 0, 231 0, 248 0, 233 0, 9 0, 9 0, 9 0, 9 0, 9 0, 9 0, 9 0, 9 0, 9 0, 9 0, 9 0, 9 0, 9 0, 9 0, 9 0, 9 0, 9 0, 9 0, 9 0, 9 0, 230 0, 231 0, 248 0, 233 0, 9 0, 9 0, 9 0, 9 0, 9 0, 9 0, 9 0, 9 0, 9 0, 9 0, 9 0, 239 0, 240 0, 9 0, 9 0, 9 0, 9 0, 9 0, 9 0, 9 0, 230 0, 231 0, 248 0, 233 0, 9 0, 9 0, 9 0, 9 0, 9 0, 9 0, 9 0, 9 0, 9 0, 9 0, 9 0, 9 0, 9 0, 9 0, 9 0, 9 0, 9 0, 9 0, 9 0, 9 0, 230 0, 231 0, 248 0, 233 0, 9 0, 9 0, 9 0, 9 0, 9 0, 272 0, 273 2, 268 3, 267 3, 261 3, 255 3, 9 0, 9 0, 9 0, 9 0, 9 0, 9 0, 10 1
29 0, 228 0, 31 1, 9 0, 9 0, 9 0, 9 0, 9 0, 9 0, 9 0, 236 1, 231 1, 237 1, 238 1, 9 0, 9 0, 9 0, 9 0, 9 0, 9 0, 9 0, 9 0, 9 0, 9 0, 9 0, 9 0, 9 0, 9 0, 9 0, 9 0, 9 0, 9 0, 9 0, 9 0, 236 0, 231 0, 237 0, 238 0, 9 0, 9 0, 9 0, 9 0, 9 0, 9 0, 9 0, 9 0, 9 0, 9 0, 9 0, 9 0, 9 0, 9 0, 9 0, 9 0, 9 0, 9 0, 9 0, 9 0, 236 0, 231 0, 237 0, 238 0, 9 0, 9 0, 9 0, 9 0, 9 0, 9 0, 9 0, 9 0, 9 0, 9 0, 9 0, 239 0, 240 0, 9 0, 9 0, 9 0, 9 0, 9 0, 9 0, 9 0, 236 0, 231 0, 237 0, 238 0, 9 0, 9 0, 9 0, 9 0, 9 0, 9 0, 9 0, 9 0, 9 0, 9 0, 9 0, 9 0, 9 0, 9 0, 9 0, 9 0, 9 0, 9 0, 9 0, 9 0, 236 0, 231 0, 237 0, 238 0, 9 0, 9 0, 9 0, 9 0, 9 0, 9 0, 272 0, 273 2, 268 3, 267 3, 261 3, 255 3, 9 0, 9 0, 9 0, 9 0, 9 0, 244 1
36 0, 228 0, 37 1, 9 0, 9 0, 9 0, 9 0, 9 0, 9 0, 9 0, 9 0, 241 1, 242 1, 9 0, 9 0, 49 0, 50 0, 9 0, 9 0, 9 0, 9 0, 9 0, 9 0, 9 0, 9 0, 9 0, 9 0, 9 0, 9 0, 9 0, 9 0, 9 0, 9 0, 9 0, 9 0, 241 0, 242 0, 9 0, 9 0, 9 0, 9 0, 9 0, 9 0, 9 0, 9 0, 9 0, 9 0, 9 0, 9 0, 9 0, 9 0, 9 0, 9 0, 9 0, 9 0, 9 0, 9 0, 9 0, 9 0, 241 0, 242 0, 9 0, 9 0, 9 0, 9 0, 9 0, 9 0, 9 0, 9 0, 9 0, 9 0, 9 0, 9 0, 239 0, 240 0, 9 0, 9 0, 9 0, 9 0, 9 0, 9 0, 9 0, 9 0, 241 0, 242 0, 9 0, 9 0, 9 0, 9 0, 9 0, 9 0, 9 0, 9 0, 9 0, 9 0, 9 0, 9 0, 9 0, 9 0, 9 0, 9 0, 9 0, 9 0, 9 0, 9 0, 9 0, 9 0, 241 0, 242 0, 9 0, 9 0, 9 0, 9 0, 9 0, 9 0, 9 0, 9 0, 272 0, 273 2, 268 3, 267 3, 261 3, 255 3, 9 0, 9 0, 9 0, 9 0, 31 1
47 0, 229 0, 10 1, 9 0, 9 0, 9 0, 9 0, 9 0, 9 0, 9 0, 9 0, 241 1, 242 1, 9 0, 9 0, 62 0, 63 0, 9 0, 9 0, 9 0, 9 0, 9 0, 9 0, 9 0, 9 0, 9 0, 9 0, 9 0, 9 0, 9 0, 9 0, 9 0, 9 0, 9 0, 9 0, 241 0, 242 0, 9 0, 9 0, 9 0, 9 0, 9 0, 9 0, 9 0, 9 0, 9 0, 9 0, 9 0, 9 0, 9 0, 9 0, 9 0, 9 0, 9 0, 9 0, 9 0, 9 0, 9 0, 9 0, 241 0, 242 0, 9 0, 9 0, 9 0, 9 0, 9 0, 9 0, 9 0, 9 0, 9 0, 9 0, 9 0, 9 0, 106 0, 107 0, 9 0, 9 0, 9 0, 9 0, 9 0, 9 0, 9 0, 9 0, 241 0, 242 0, 9 0, 9 0, 9 0, 9 0, 9 0, 9 0, 9 0, 9 0, 9 0, 9 0, 9 0, 9 0, 9 0, 9 0, 9 0, 9 0, 9 0, 9 0, 9 0, 9 0, 9 0, 9 0, 241 0, 242 0, 9 0, 9 0, 9 0, 9 0, 9 0, 9 0, 9 0, 9 0, 9 0, 272 0, 273 2, 268 0, 267 3, 261 3, 241 3, 241 3, 9 0, 9 0, 234 1
18 0, 235 0, 20 1, 9 0, 9 0, 9 0, 9 0, 9 0, 9 0, 9 0, 9 0, 241 1, 242 1, 9 0, 9 0, 69 0, 70 0, 9 0, 9 0, 9 0, 112 0, 113 0, 9 0, 112 0, 113 0, 9 0, 112 0, 113 0, 9 0, 9 0, 9 0, 9 0, 9 0, 9 0, 9 0, 241 0, 242 0, 9 0, 9 0, 9 0, 9 0, 112 0, 113 0, 9 0, 9 0, 112 0, 113 0, 9 0, 9 0, 112 0, 113 0, 9 0, 9 0, 112 0, 113 0, 9 0, 9 0, 9 0, 9 0, 241 0, 242 0, 9 0, 9 0, 9 0, 9 0, 112 0, 113 0, 9 0, 9 0, 9 0, 9 0, 9 0, 97 0, 98 0, 99 0, 100 0, 9 0, 9 0, 9 0, 9 0, 9 0, 9 0, 9 0, 241 0, 242 0, 9 0, 9 0, 9 0, 9 0, 9 0, 9 0, 9 0, 9 0, 9 0, 9 0, 9 0, 9 0, 9 0, 9 0, 9 0, 9 0, 9 0, 9 0, 9 0, 9 0, 9 0, 9 0, 241 0, 242 0, 9 0, 9 0, 9 0, 9 0, 9 0, 9 0, 9 0, 9 0, 9 0, 9 0, 272 0, 273 2, 268 0, 267 3, 241 3, 241 3, 9 0, 9 0, 10 1
29 0, 228 0, 31 1, 9 0, 9 0, 9 0, 9 0, 9 0, 9 0, 9 0, 9 0, 241 1, 242 1, 9 0, 9 0, 75 0, 76 0, 9 0, 9 0, 9 0, 120 0, 121 0, 9 0, 120 0, 121 0, 9 0, 120 0, 121 0, 9 0, 9 0, 9 0, 9 0, 9 0, 9 0, 9 0, 241 0, 242 0, 9 0, 9 0, 9 0, 9 0, 120 0, 121 0, 9 0, 9 0, 120 0, 121 0, 9 0, 9 0, 120 0, 121 0, 9 0, 9 0, 120 0, 121 0, 9 0, 9 0, 9 0, 9 0, 241 0, 242 0, 9 0, 9 0, 9 0, 9 0, 120 0, 121 0, 9 0, 9 0, 9 0, 9 0, 9 0, 102 0, 103 0, 104 0, 105 0, 9 0, 9 0, 9 0, 9 0, 9 0, 9 0, 9 0, 241 0, 242 0, 9 0, 9 0, 9 0, 9 0, 9 0, 9 0, 9 0, 9 0, 9 0, 9 0, 9 0, 9 0, 9 0, 9 0, 9 0, 9 0, 9 0, 9 0, 9 0, 9 0, 9 0, 9 0, 241 0, 242 0, 9 0, 9 0, 9 0, 9 0, 9 0, 9 0, 9 0, 9 0, 9 0, 9 0, 9 0, 272 0, 273 2, 268 3, 241 3, 241 3, 9 0, 9 0, 244 1
36 0, 228 0, 37 1, 126 1, 127 1, 128 1, 129 1, 9 0, 9 0, 9 0, 9 0, 241 1, 242 1, 9 0, 9 0, 81 0, 82 0, 9 0, 9 0, 9 0, 124 0, 125 0, 9 0, 124 0, 125 0, 9 0, 124 0, 125 0, 9 0, 9 0, 9 0, 9 0, 9 0, 9 0, 9 0, 241 0, 242 0, 9 0, 126 1, 127 1, 128 1, 129 1, 126 1, 127 1, 128 1, 129 1, 126 1, 127 1, 128 1, 129 1, 126 1, 127 1, 128 1, 129 1, 126 1, 127 1, 128 1, 129 1, 9 0, 241 0, 242 0, 9 0, 9 0, 9 0, 9 0, 124 0, 125 0, 9 0, 126 1, 127 1, 128 1, 129 1, 9 0, 9 0, 9 0, 9 0, 9 0, 9 0, 9 0, 9 0, 9 0, 9 0, 9 0, 241 0, 242 0, 9 0, 9 0, 9 0, 9 0, 9 0, 9 0, 9 0, 9 0, 9 0, 9 0, 9 0, 9 0, 9 0, 9 0, 9 0, 9 0, 9 0, 9 0, 9 0, 9 0, 9 0, 9 0, 241 0, 242 0, 9 0, 9 0, 9 0, 9 0, 9 0, 9 0, 9 0, 9 0, 9 0, 9 0, 9 0, 9 0, 272 0, 273 2, 241 3, 241 3, 9 0, 9 0, 274 1
47 0, 229 0, 10 0, 134 0, 135 0, 136 0, 137 1, 9 0, 9 0, 9 0, 230 1, 231 1, 248 1, 233 1, 9 0, 88 0, 89 0, 9 0, 9 0, 9 0, 132 0, 133 0, 9 0, 132 0, 133 0, 9 0, 132 0, 133 0, 9 0, 9 0, 9 0, 9 0, 9 0, 9 0, 230 0, 231 0, 248 0, 233 0, 134 1, 135 0, 136 0, 137 0, 134 0, 135 0, 136 0, 137 0, 134 0, 135 0, 136 0, 137 0, 134 0, 135 0, 136 0, 137 0, 134 0, 135 0, 136 0, 137 1, 230 0, 231 0, 248 0, 233 0, 9 0, 9 0, 9 0, 132 0, 133 0, 9 0, 134 1, 135 0, 136 0, 137 1, 9 0, 9 0, 9 0, 9 0, 9 0, 9 0, 9 0, 9 0, 9 0, 9 0, 230 0, 231 0, 248 0, 233 0, 9 0, 9 0, 9 0, 9 0, 9 0, 9 0, 9 0, 9 0, 9 0, 9 0, 9 0, 9 0, 9 0, 9 0, 9 0, 9 0, 9 0, 9 0, 9 0, 9 0, 230 0, 231 0, 248 0, 233 0, 9 0, 9 0, 275 1, 276 1, 276 1, 277 1, 275 1, 276 1, 276 1, 277 1, 275 1, 276 1, 276 1, 277 1, 275 1, 276 1, 276 1, 277 1
18 0, 235 0, 18 0, 95 1, 95 1, 95 1, 95 1, 95 1, 95 1, 95 1, 95 1, 95 1, 95 1, 95 1, 95 1, 95 1, 95 1, 95 1, 95 1, 95 1, 95 1, 95 1, 95 1, 95 1, 95 1, 95 1, 95 1, 95 1, 95 1, 95 1, 95 1, 95 1, 95 1, 95 1, 95 1, 95 1, 95 1, 95 1, 95 1, 95 1, 95 1, 95 1, 95 1, 95 1, 95 1, 95 1, 95 1, 95 1, 95 1, 95 1, 95 1, 95 1, 95 1, 95 1, 95 1, 95 1, 95 1, 95 1, 95 1, 95 1, 95 1, 95 1, 95 1, 95 1, 275 1, 276 1, 276 1, 277 1, 275 1, 276 1, 276 1, 277 1, 275 1, 276 1, 276 1, 277 1, 275 1, 276 1, 276 1, 277 1, 275 1, 276 1, 276 1, 277 1, 275 1, 276 1, 276 1, 277 1, 275 1, 276 1, 276 1, 277 1, 275 1, 276 1, 276 1, 277 1, 275 1, 276 1, 276 1, 277 1, 275 1, 276 1, 276 1, 277 1, 275 1, 276 1, 276 1, 277 1, 275 1, 276 1, 276 1, 277 1, 278 1, 279 0, 278 0, 280 0, 281 0, 279 0, 278 0, 280 0, 281 0, 279 0, 278 0, 280 0, 281 0, 279 0, 278 0, 279 0
278 0, 280 0, 281 0, 279 0, 278 0, 280 0, 281 0, 279 0, 278 0, 280 0, 281 0, 279 0, 278 0, 280 0, 281 0, 279 0, 278 1, 280 1, 281 0, 279 0, 278 0, 280 0, 281 0, 279 0, 278 0, 280 0, 281 0, 279 0, 278 0, 280 0, 281 0, 279 0, 278 0, 280 0, 281 0, 279 0, 278 0, 280 0, 281 0, 279 0, 278 0, 280 0, 281 0, 279 0, 278 0, 280 0, 281 0, 279 0, 278 0, 280 0, 281 0, 279 0, 278 0, 280 0, 281 0, 279 0, 278 0, 280 0, 281 0, 279 0, 278 0, 280 0, 281 0, 279 0, 278 0, 279 0, 278 0, 280 0, 281 0, 279 0, 278 0, 280 0, 281 0, 279 0, 278 0, 280 0, 281 0, 279 0, 278 0, 280 0, 281 0, 279 0, 278 0, 280 0, 281 0, 279 0, 278 0, 280 0, 281 0, 279 0, 278 0, 280 0, 281 0, 279 0, 278 0, 279 0, 278 0, 280 0, 281 0, 279 0, 278 0, 280 0, 281 0, 279 0, 278 0, 280 0, 281 0, 279 0, 278 0, 280 0, 281 0, 279 0, 278 0, 280 0, 281 0, 279 0, 278 0, 280 0, 281 0, 279 0, 278 0, 280 0, 281 0, 279 0, 278 0, 280 0, 281 0, 279 0
